# timestep f
0.000000000000000000e+00 9.529902536087259124e-02
1.000000000000000000e+02 -1.136287766494179785e-01
2.000000000000000000e+02 -1.640984591473623466e-01
3.000000000000000000e+02 -2.398949304960872886e-01
4.000000000000000000e+02 -3.563466351071387650e-01
5.000000000000000000e+02 -5.357966763947841216e-01
6.000000000000000000e+02 -8.122559588918387696e-01
7.000000000000000000e+02 -1.236638092908707076e+00
8.000000000000000000e+02 -1.882760751917179842e+00
9.000000000000000000e+02 -2.852308765195933127e+00
1.000000000000000000e+03 -4.274451483691757758e+00
1.100000000000000000e+03 -6.292976332107612869e+00
1.200000000000000000e+03 -9.033571319150841106e+00
1.300000000000000000e+03 -1.255131146325603098e+01
1.400000000000000000e+03 -1.677561686570388488e+01
1.500000000000000000e+03 -2.148737687409337482e+01
1.600000000000000000e+03 -2.635910158437845752e+01
1.700000000000000000e+03 -3.105178783432598877e+01
1.800000000000000000e+03 -3.531623269277639565e+01
1.900000000000000000e+03 -3.904057679148145610e+01
2.000000000000000000e+03 -4.223163493397916568e+01
2.100000000000000000e+03 -4.496426253286649199e+01
2.200000000000000000e+03 -4.733579534694740687e+01
2.300000000000000000e+03 -4.943902904247887165e+01
2.400000000000000000e+03 -5.135095618482795743e+01
2.500000000000000000e+03 -5.313051302984862190e+01
2.600000000000000000e+03 -5.482002101986502396e+01
2.700000000000000000e+03 -5.644792247405796815e+01
2.800000000000000000e+03 -5.803232799752819204e+01
2.900000000000000000e+03 -5.958482627364265483e+01
3.000000000000000000e+03 -6.111348562759003045e+01
3.100000000000000000e+03 -6.262458665960696891e+01
3.200000000000000000e+03 -6.412319965672054423e+01
3.300000000000000000e+03 -6.561125928886644942e+01
3.400000000000000000e+03 -6.708083132888025091e+01
3.500000000000000000e+03 -6.851185077540547752e+01
3.600000000000000000e+03 -6.988788048071801029e+01
3.700000000000000000e+03 -7.120755448952948541e+01
3.800000000000000000e+03 -7.247778197685082091e+01
3.900000000000000000e+03 -7.370538251890921799e+01
4.000000000000000000e+03 -7.489456468863475891e+01
4.100000000000000000e+03 -7.604773783715150159e+01
4.200000000000000000e+03 -7.716676960350390857e+01
4.300000000000000000e+03 -7.825348096786861163e+01
4.400000000000000000e+03 -7.930944116130326904e+01
4.500000000000000000e+03 -8.033556510975923004e+01
4.600000000000000000e+03 -8.133199681312774487e+01
4.700000000000000000e+03 -8.229842314012608995e+01
4.800000000000000000e+03 -8.323459611512748779e+01
4.900000000000000000e+03 -8.414079895959400801e+01
5.000000000000000000e+03 -8.501809759206166461e+01
5.100000000000000000e+03 -8.586830228187605485e+01
5.200000000000000000e+03 -8.669369448067446626e+01
5.300000000000000000e+03 -8.749668605218938922e+01
5.400000000000000000e+03 -8.827956661722308240e+01
5.500000000000000000e+03 -8.904439140754082871e+01
5.600000000000000000e+03 -8.979296428179945622e+01
5.700000000000000000e+03 -9.052683853572023054e+01
5.800000000000000000e+03 -9.124729821130303264e+01
5.900000000000000000e+03 -9.195535469063581502e+01
6.000000000000000000e+03 -9.265181479423580413e+01
6.100000000000000000e+03 -9.333739940332034735e+01
6.200000000000000000e+03 -9.401280178886277383e+01
6.300000000000000000e+03 -9.467861778336880718e+01
6.400000000000000000e+03 -9.533524322955071284e+01
6.500000000000000000e+03 -9.598290376409495650e+01
6.600000000000000000e+03 -9.662182857120976109e+01
6.700000000000000000e+03 -9.725239479410257104e+01
6.800000000000000000e+03 -9.787509838064914902e+01
6.900000000000000000e+03 -9.849038673147521195e+01
7.000000000000000000e+03 -9.909850051666008142e+01
7.100000000000000000e+03 -9.969942920893973337e+01
7.200000000000000000e+03 -1.002929503958742714e+02
7.300000000000000000e+03 -1.008786676180428969e+02
7.400000000000000000e+03 -1.014560528355485900e+02
7.500000000000000000e+03 -1.020245400048983271e+02
7.600000000000000000e+03 -1.025836207137267024e+02
7.700000000000000000e+03 -1.031328658924073665e+02
7.800000000000000000e+03 -1.036718885777094101e+02
7.900000000000000000e+03 -1.042003195022725777e+02
8.000000000000000000e+03 -1.047178414185487298e+02
8.100000000000000000e+03 -1.052242721257401001e+02
8.200000000000000000e+03 -1.057196490478201412e+02
8.300000000000000000e+03 -1.062042719182348378e+02
8.400000000000000000e+03 -1.066786928563075634e+02
8.500000000000000000e+03 -1.071436714504677781e+02
8.600000000000000000e+03 -1.076001161027708974e+02
8.700000000000000000e+03 -1.080490202165436671e+02
8.800000000000000000e+03 -1.084913915869484811e+02
8.900000000000000000e+03 -1.089281732968706677e+02
9.000000000000000000e+03 -1.093601600041419744e+02
9.100000000000000000e+03 -1.097879198067105051e+02
9.200000000000000000e+03 -1.102117405021675722e+02
9.300000000000000000e+03 -1.106316290283655235e+02
9.400000000000000000e+03 -1.110473876838859155e+02
9.500000000000000000e+03 -1.114587557684014882e+02
9.600000000000000000e+03 -1.118655627970420028e+02
9.700000000000000000e+03 -1.122678304750203893e+02
9.800000000000000000e+03 -1.126657888563773895e+02
9.900000000000000000e+03 -1.130598065908701813e+02
1.000000000000000000e+04 -1.134502601111676370e+02
1.010000000000000000e+04 -1.138373910087573364e+02
1.020000000000000000e+04 -1.142212219119026031e+02
1.030000000000000000e+04 -1.146015849127202273e+02
1.040000000000000000e+04 -1.149782458050070346e+02
1.050000000000000000e+04 -1.153510405320937338e+02
1.060000000000000000e+04 -1.157199504030104151e+02
1.070000000000000000e+04 -1.160851084296008651e+02
1.080000000000000000e+04 -1.164467709712158694e+02
1.090000000000000000e+04 -1.168052782281738189e+02
1.100000000000000000e+04 -1.171609983214023600e+02
1.110000000000000000e+04 -1.175142441445060513e+02
1.120000000000000000e+04 -1.178651807128014468e+02
1.130000000000000000e+04 -1.182137713597300461e+02
1.140000000000000000e+04 -1.185597975211801156e+02
1.150000000000000000e+04 -1.189029366589701908e+02
1.160000000000000000e+04 -1.192428499351852196e+02
1.170000000000000000e+04 -1.195792367333377797e+02
1.180000000000000000e+04 -1.199118448326255759e+02
1.190000000000000000e+04 -1.202404590040439842e+02
1.200000000000000000e+04 -1.205648978931298103e+02
1.210000000000000000e+04 -1.208850303736023619e+02
1.220000000000000000e+04 -1.212008033419769362e+02
1.230000000000000000e+04 -1.215122654156455582e+02
1.240000000000000000e+04 -1.218195720019830901e+02
1.250000000000000000e+04 -1.221229636258291293e+02
1.260000000000000000e+04 -1.224227199539999020e+02
1.270000000000000000e+04 -1.227191026071649844e+02
1.280000000000000000e+04 -1.230123053563491169e+02
1.290000000000000000e+04 -1.233024282753582952e+02
1.300000000000000000e+04 -1.235894843232646707e+02
1.310000000000000000e+04 -1.238734356871194677e+02
1.320000000000000000e+04 -1.241542458769943948e+02
1.330000000000000000e+04 -1.244319265472706917e+02
1.340000000000000000e+04 -1.247065606221055134e+02
1.350000000000000000e+04 -1.249782943628753884e+02
1.360000000000000000e+04 -1.252473030419818798e+02
1.370000000000000000e+04 -1.255137436550729149e+02
1.380000000000000000e+04 -1.257777135974958185e+02
1.390000000000000000e+04 -1.260392340864222831e+02
1.400000000000000000e+04 -1.262982677471415940e+02
1.410000000000000000e+04 -1.265547635235452333e+02
1.420000000000000000e+04 -1.268087085905525413e+02
1.430000000000000000e+04 -1.270601654578518804e+02
1.440000000000000000e+04 -1.273092827179745541e+02
1.450000000000000000e+04 -1.275562809538334221e+02
1.460000000000000000e+04 -1.278014229133767401e+02
1.470000000000000000e+04 -1.280449778239000409e+02
1.480000000000000000e+04 -1.282871871434704190e+02
1.490000000000000000e+04 -1.285282365375426252e+02
1.500000000000000000e+04 -1.287682373986509958e+02
1.510000000000000000e+04 -1.290072200046253670e+02
1.520000000000000000e+04 -1.292451386236529061e+02
1.530000000000000000e+04 -1.294818867847002650e+02
1.540000000000000000e+04 -1.297173195665831997e+02
1.550000000000000000e+04 -1.299512797140448299e+02
1.560000000000000000e+04 -1.301836251314288688e+02
1.570000000000000000e+04 -1.304142557215934630e+02
1.580000000000000000e+04 -1.306431369914866707e+02
1.590000000000000000e+04 -1.308703165964512038e+02
1.600000000000000000e+04 -1.310959288475297910e+02
1.610000000000000000e+04 -1.313201821075003863e+02
1.620000000000000000e+04 -1.315433261330596224e+02
1.630000000000000000e+04 -1.317656021695813422e+02
1.640000000000000000e+04 -1.319871877620247176e+02
1.650000000000000000e+04 -1.322081555584124999e+02
1.660000000000000000e+04 -1.324284616933446159e+02
1.670000000000000000e+04 -1.326479634145827049e+02
1.680000000000000000e+04 -1.328664523919274245e+02
1.690000000000000000e+04 -1.330836927721798020e+02
1.700000000000000000e+04 -1.332994614031532024e+02
1.710000000000000000e+04 -1.335135852678370725e+02
1.720000000000000000e+04 -1.337259634515018547e+02
1.730000000000000000e+04 -1.339365640424859691e+02
1.740000000000000000e+04 -1.341453999231543435e+02
1.750000000000000000e+04 -1.343524980985113757e+02
1.760000000000000000e+04 -1.345578780949331872e+02
1.770000000000000000e+04 -1.347615483288785470e+02
1.780000000000000000e+04 -1.349635193609902331e+02
1.790000000000000000e+04 -1.351638240461769556e+02
1.800000000000000000e+04 -1.353625317744435108e+02
1.810000000000000000e+04 -1.355597487563628363e+02
1.820000000000000000e+04 -1.357556042893124015e+02
1.830000000000000000e+04 -1.359502286671715581e+02
1.840000000000000000e+04 -1.361437303026828260e+02
1.850000000000000000e+04 -1.363361791806497649e+02
1.860000000000000000e+04 -1.365276018900229644e+02
1.870000000000000000e+04 -1.367179897019499037e+02
1.880000000000000000e+04 -1.369073158006575852e+02
1.890000000000000000e+04 -1.370955536931381857e+02
1.900000000000000000e+04 -1.372826891534308515e+02
1.910000000000000000e+04 -1.374687223791773647e+02
1.920000000000000000e+04 -1.376536617412057240e+02
1.930000000000000000e+04 -1.378375129897843010e+02
1.940000000000000000e+04 -1.380202685093412924e+02
1.950000000000000000e+04 -1.382019015725161353e+02
1.960000000000000000e+04 -1.383823701060622398e+02
1.970000000000000000e+04 -1.385616313357777756e+02
1.980000000000000000e+04 -1.387396628013120221e+02
1.990000000000000000e+04 -1.389164804851259021e+02
2.000000000000000000e+04 -1.390921454083081414e+02
2.010000000000000000e+04 -1.392667554716686311e+02
2.020000000000000000e+04 -1.394404252443753194e+02
2.030000000000000000e+04 -1.396132601551759080e+02
2.040000000000000000e+04 -1.397853337080901497e+02
2.050000000000000000e+04 -1.399566771672762968e+02
2.060000000000000000e+04 -1.401272880421630020e+02
2.070000000000000000e+04 -1.402971547887099177e+02
2.080000000000000000e+04 -1.404662850593008727e+02
2.090000000000000000e+04 -1.406347222293865684e+02
2.100000000000000000e+04 -1.408025420828223275e+02
2.110000000000000000e+04 -1.409698319370965294e+02
2.120000000000000000e+04 -1.411366621939588413e+02
2.130000000000000000e+04 -1.413030649137244268e+02
2.140000000000000000e+04 -1.414690346681073265e+02
2.150000000000000000e+04 -1.416345585609323336e+02
2.160000000000000000e+04 -1.417996647776053010e+02
2.170000000000000000e+04 -1.419644656391126603e+02
2.180000000000000000e+04 -1.421291753967228146e+02
2.190000000000000000e+04 -1.422940999571711700e+02
2.200000000000000000e+04 -1.424596103952986255e+02
2.210000000000000000e+04 -1.426261177346588909e+02
2.220000000000000000e+04 -1.427940593173130992e+02
2.230000000000000000e+04 -1.429638772573759411e+02
2.240000000000000000e+04 -1.431359298659952799e+02
2.250000000000000000e+04 -1.433102962178846269e+02
2.260000000000000000e+04 -1.434865555200749441e+02
2.270000000000000000e+04 -1.436637234150444158e+02
2.280000000000000000e+04 -1.438404431841545659e+02
2.290000000000000000e+04 -1.440153381390102254e+02
2.300000000000000000e+04 -1.441873243655888359e+02
2.310000000000000000e+04 -1.443557309492902618e+02
2.320000000000000000e+04 -1.445202343634728095e+02
2.330000000000000000e+04 -1.446807362268196471e+02
2.340000000000000000e+04 -1.448372851967363601e+02
2.350000000000000000e+04 -1.449900441862512821e+02
2.360000000000000000e+04 -1.451392631834721101e+02
2.370000000000000000e+04 -1.452852399854288876e+02
2.380000000000000000e+04 -1.454282762757838441e+02
2.390000000000000000e+04 -1.455686415046464788e+02
2.400000000000000000e+04 -1.457065517178628227e+02
2.410000000000000000e+04 -1.458421645757362342e+02
2.420000000000000000e+04 -1.459755877247939111e+02
2.430000000000000000e+04 -1.461068952969770010e+02
2.440000000000000000e+04 -1.462361465326047494e+02
2.450000000000000000e+04 -1.463634013835988981e+02
2.460000000000000000e+04 -1.464887300785876789e+02
2.470000000000000000e+04 -1.466122161490967244e+02
2.480000000000000000e+04 -1.467339543659001606e+02
2.490000000000000000e+04 -1.468540458882139035e+02
2.500000000000000000e+04 -1.469725927675215473e+02
2.510000000000000000e+04 -1.470896932341104559e+02
2.520000000000000000e+04 -1.472054384072472146e+02
2.530000000000000000e+04 -1.473199104886427051e+02
2.540000000000000000e+04 -1.474331821883245652e+02
2.550000000000000000e+04 -1.475453170336611208e+02
2.560000000000000000e+04 -1.476563702355459213e+02
2.570000000000000000e+04 -1.477663898576826966e+02
2.580000000000000000e+04 -1.478754181125244713e+02
2.590000000000000000e+04 -1.479834926719557586e+02
2.600000000000000000e+04 -1.480906479278834240e+02
2.610000000000000000e+04 -1.481969161696817991e+02
2.620000000000000000e+04 -1.483023286660381643e+02
2.630000000000000000e+04 -1.484069166520269221e+02
2.640000000000000000e+04 -1.485107122310700447e+02
2.650000000000000000e+04 -1.486137492076442186e+02
2.660000000000000000e+04 -1.487160638712121852e+02
2.670000000000000000e+04 -1.488176957554643423e+02
2.680000000000000000e+04 -1.489186883998490316e+02
2.690000000000000000e+04 -1.490190901425375500e+02
2.700000000000000000e+04 -1.491189549747572016e+02
2.710000000000000000e+04 -1.492183434838371454e+02
2.720000000000000000e+04 -1.493173239020021015e+02
2.730000000000000000e+04 -1.494159732519697741e+02
2.740000000000000000e+04 -1.495143785260743243e+02
2.750000000000000000e+04 -1.496126377355158752e+02
2.760000000000000000e+04 -1.497108605017166667e+02
2.770000000000000000e+04 -1.498091676245512645e+02
2.780000000000000000e+04 -1.499076887821804576e+02
2.790000000000000000e+04 -1.500065573080246395e+02
2.800000000000000000e+04 -1.501059010947289494e+02
2.810000000000000000e+04 -1.502058294339973656e+02
2.820000000000000000e+04 -1.503064172204487079e+02
2.830000000000000000e+04 -1.504076900325829342e+02
2.840000000000000000e+04 -1.505096148680888462e+02
2.850000000000000000e+04 -1.506121002586188524e+02
2.860000000000000000e+04 -1.507150060932067959e+02
2.870000000000000000e+04 -1.508181599314236223e+02
2.880000000000000000e+04 -1.509213753519822774e+02
2.890000000000000000e+04 -1.510244690622236590e+02
2.900000000000000000e+04 -1.511272751389837197e+02
2.910000000000000000e+04 -1.512296555036200232e+02
2.920000000000000000e+04 -1.513315059031948238e+02
2.930000000000000000e+04 -1.514327571351353185e+02
2.940000000000000000e+04 -1.515333721188443405e+02
2.950000000000000000e+04 -1.516333401599279966e+02
2.960000000000000000e+04 -1.517326699709053912e+02
2.970000000000000000e+04 -1.518313827512512262e+02
2.980000000000000000e+04 -1.519295061736899868e+02
2.990000000000000000e+04 -1.520270697103765940e+02
3.000000000000000000e+04 -1.521241014466735066e+02
3.010000000000000000e+04 -1.522206263464899507e+02
3.020000000000000000e+04 -1.523166657972146538e+02
3.030000000000000000e+04 -1.524122381451907131e+02
3.040000000000000000e+04 -1.525073598449248209e+02
3.050000000000000000e+04 -1.526020468181891943e+02
3.060000000000000000e+04 -1.526963156733155245e+02
3.070000000000000000e+04 -1.527901845579937401e+02
3.080000000000000000e+04 -1.528836735684337782e+02
3.090000000000000000e+04 -1.529768047641028659e+02
3.100000000000000000e+04 -1.530696019077006440e+02
3.110000000000000000e+04 -1.531620900594543002e+02
3.120000000000000000e+04 -1.532542951201495498e+02
3.130000000000000000e+04 -1.533462433641502685e+02
3.140000000000000000e+04 -1.534379609543446463e+02
3.150000000000000000e+04 -1.535294733988695555e+02
3.160000000000000000e+04 -1.536208048992485544e+02
3.170000000000000000e+04 -1.537119775505758810e+02
3.180000000000000000e+04 -1.538030103844315875e+02
3.190000000000000000e+04 -1.538939182925284115e+02
3.200000000000000000e+04 -1.539847109310412065e+02
3.210000000000000000e+04 -1.540753917744690114e+02
3.220000000000000000e+04 -1.541659575459988787e+02
3.230000000000000000e+04 -1.542563982696870823e+02
3.240000000000000000e+04 -1.543466981363814625e+02
3.250000000000000000e+04 -1.544368372345539342e+02
3.260000000000000000e+04 -1.545267939913812825e+02
3.270000000000000000e+04 -1.546165479638405600e+02
3.280000000000000000e+04 -1.547060824971753163e+02
3.290000000000000000e+04 -1.547953867826606711e+02
3.300000000000000000e+04 -1.548844569880270399e+02
3.310000000000000000e+04 -1.549732963340143783e+02
3.320000000000000000e+04 -1.550619141661125582e+02
3.330000000000000000e+04 -1.551503241715072932e+02
3.340000000000000000e+04 -1.552385419236164807e+02
3.350000000000000000e+04 -1.553265819525389020e+02
3.360000000000000000e+04 -1.554144546038766919e+02
3.370000000000000000e+04 -1.555021630924857732e+02
3.380000000000000000e+04 -1.555897013383213334e+02
3.390000000000000000e+04 -1.556770532587475770e+02
3.400000000000000000e+04 -1.557641940258152715e+02
3.410000000000000000e+04 -1.558510933155342855e+02
3.420000000000000000e+04 -1.559377199259772624e+02
3.430000000000000000e+04 -1.560240466410394049e+02
3.440000000000000000e+04 -1.561100541420553043e+02
3.450000000000000000e+04 -1.561957331342763950e+02
3.460000000000000000e+04 -1.562810844125445158e+02
3.470000000000000000e+04 -1.563661170483705689e+02
3.480000000000000000e+04 -1.564508451130328694e+02
3.490000000000000000e+04 -1.565352834302876488e+02
3.500000000000000000e+04 -1.566194429282608951e+02
3.510000000000000000e+04 -1.567033263191839012e+02
3.520000000000000000e+04 -1.567869250209007248e+02
3.530000000000000000e+04 -1.568702182580642841e+02
3.540000000000000000e+04 -1.569531749387398918e+02
3.550000000000000000e+04 -1.570357581562637108e+02
3.560000000000000000e+04 -1.571179312751618227e+02
3.570000000000000000e+04 -1.571996639789873598e+02
3.580000000000000000e+04 -1.572809367164719561e+02
3.590000000000000000e+04 -1.573617426178808500e+02
3.600000000000000000e+04 -1.574420867768841390e+02
3.610000000000000000e+04 -1.575219834100473406e+02
3.620000000000000000e+04 -1.576014516665582050e+02
3.630000000000000000e+04 -1.576805108586271160e+02
3.640000000000000000e+04 -1.577591757961301084e+02
3.650000000000000000e+04 -1.578374528556012990e+02
3.660000000000000000e+04 -1.579153373950822186e+02
3.670000000000000000e+04 -1.579928130471207055e+02
3.680000000000000000e+04 -1.580698531652905672e+02
3.690000000000000000e+04 -1.581464242344567879e+02
3.700000000000000000e+04 -1.582224905144311720e+02
3.710000000000000000e+04 -1.582980188236346635e+02
3.720000000000000000e+04 -1.583729823873943019e+02
3.730000000000000000e+04 -1.584473630676087339e+02
3.740000000000000000e+04 -1.585211518424113137e+02
3.750000000000000000e+04 -1.585943478563174551e+02
3.760000000000000000e+04 -1.586669565712856524e+02
3.770000000000000000e+04 -1.587389875332093538e+02
3.780000000000000000e+04 -1.588104521320784102e+02
3.790000000000000000e+04 -1.588813615848435177e+02
3.800000000000000000e+04 -1.589517252701091365e+02
3.810000000000000000e+04 -1.590215495052451615e+02
3.820000000000000000e+04 -1.590908368562919293e+02
3.830000000000000000e+04 -1.591595860699911213e+02
3.840000000000000000e+04 -1.592277926791217908e+02
3.850000000000000000e+04 -1.592954502417617846e+02
3.860000000000000000e+04 -1.593625520493490626e+02
3.870000000000000000e+04 -1.594290930231611583e+02
3.880000000000000000e+04 -1.594950714656372668e+02
3.890000000000000000e+04 -1.595604903696684573e+02
3.900000000000000000e+04 -1.596253581028898623e+02
3.910000000000000000e+04 -1.596896884301515342e+02
3.920000000000000000e+04 -1.597534999645373546e+02
3.930000000000000000e+04 -1.598168152128231156e+02
3.940000000000000000e+04 -1.598796593997462878e+02
3.950000000000000000e+04 -1.599420592319174261e+02
3.960000000000000000e+04 -1.600040417186332604e+02
3.970000000000000000e+04 -1.600656331217018362e+02
3.980000000000000000e+04 -1.601268580702366080e+02
3.990000000000000000e+04 -1.601877388525954018e+02
4.000000000000000000e+04 -1.602482948850913544e+02
4.010000000000000000e+04 -1.603085423527213891e+02
4.020000000000000000e+04 -1.603684940175627958e+02
4.030000000000000000e+04 -1.604281591926490194e+02
4.040000000000000000e+04 -1.604875438804992882e+02
4.050000000000000000e+04 -1.605466510740141075e+02
4.060000000000000000e+04 -1.606054812118672714e+02
4.070000000000000000e+04 -1.606640327706433595e+02
4.080000000000000000e+04 -1.607223029630692679e+02
4.090000000000000000e+04 -1.607802884984411662e+02
4.100000000000000000e+04 -1.608379863512051884e+02
4.110000000000000000e+04 -1.608953944797637803e+02
4.120000000000000000e+04 -1.609525124416524022e+02
4.130000000000000000e+04 -1.610093418629159601e+02
4.140000000000000000e+04 -1.610658867364822981e+02
4.150000000000000000e+04 -1.611221535431321001e+02
4.160000000000000000e+04 -1.611781512057969792e+02
4.170000000000000000e+04 -1.612338909008075518e+02
4.180000000000000000e+04 -1.612893857571503418e+02
4.190000000000000000e+04 -1.613446504769289618e+02
4.200000000000000000e+04 -1.613997009081620035e+02
4.210000000000000000e+04 -1.614545535963505358e+02
4.220000000000000000e+04 -1.615092253354631850e+02
4.230000000000000000e+04 -1.615637327333836595e+02
4.240000000000000000e+04 -1.616180918022751598e+02
4.250000000000000000e+04 -1.616723175811364683e+02
4.260000000000000000e+04 -1.617264237960737034e+02
4.270000000000000000e+04 -1.617804225632226007e+02
4.280000000000000000e+04 -1.618343241393779977e+02
4.290000000000000000e+04 -1.618881367256867634e+02
4.300000000000000000e+04 -1.619418663297448688e+02
4.310000000000000000e+04 -1.619955166907505770e+02
4.320000000000000000e+04 -1.620490892708892261e+02
4.330000000000000000e+04 -1.621025833140064094e+02
4.340000000000000000e+04 -1.621559959702246658e+02
4.350000000000000000e+04 -1.622093224829184521e+02
4.360000000000000000e+04 -1.622625564327037750e+02
4.370000000000000000e+04 -1.623156900318965654e+02
4.380000000000000000e+04 -1.623687144619959213e+02
4.390000000000000000e+04 -1.624216202457301108e+02
4.400000000000000000e+04 -1.624743976436519972e+02
4.410000000000000000e+04 -1.625270370630772732e+02
4.420000000000000000e+04 -1.625795294646129605e+02
4.430000000000000000e+04 -1.626318667492991779e+02
4.440000000000000000e+04 -1.626840421082816590e+02
4.450000000000000000e+04 -1.627360503175897009e+02
4.460000000000000000e+04 -1.627878879632242786e+02
4.470000000000000000e+04 -1.628395535860858274e+02
4.480000000000000000e+04 -1.628910477415967648e+02
4.490000000000000000e+04 -1.629423729743380420e+02
4.500000000000000000e+04 -1.629935337128316633e+02
4.510000000000000000e+04 -1.630445360932382926e+02
4.520000000000000000e+04 -1.630953877230095088e+02
4.530000000000000000e+04 -1.631460973965441781e+02
4.540000000000000000e+04 -1.631966747749633555e+02
4.550000000000000000e+04 -1.632471300416257236e+02
4.560000000000000000e+04 -1.632974735443287102e+02
4.570000000000000000e+04 -1.633477154345609392e+02
4.580000000000000000e+04 -1.633978653138471770e+02
4.590000000000000000e+04 -1.634479318971720545e+02
4.600000000000000000e+04 -1.634979227035890403e+02
4.610000000000000000e+04 -1.635478437842039057e+02
4.620000000000000000e+04 -1.635976994975222283e+02
4.630000000000000000e+04 -1.636474923414019429e+02
4.640000000000000000e+04 -1.636972228493695525e+02
4.650000000000000000e+04 -1.637468895567654954e+02
4.660000000000000000e+04 -1.637964890391718882e+02
4.670000000000000000e+04 -1.638460160220892021e+02
4.680000000000000000e+04 -1.638954635572198697e+02
4.690000000000000000e+04 -1.639448232573731730e+02
4.700000000000000000e+04 -1.639940855792362413e+02
4.710000000000000000e+04 -1.640432401412499530e+02
4.720000000000000000e+04 -1.640922760626127399e+02
4.730000000000000000e+04 -1.641411823089471227e+02
4.740000000000000000e+04 -1.641899480302965060e+02
4.750000000000000000e+04 -1.642385628778304181e+02
4.760000000000000000e+04 -1.642870172869363614e+02
4.770000000000000000e+04 -1.643353027163317108e+02
4.780000000000000000e+04 -1.643834118354668590e+02
4.790000000000000000e+04 -1.644313386557296326e+02
4.800000000000000000e+04 -1.644790786045705318e+02
4.810000000000000000e+04 -1.645266285452876502e+02
4.820000000000000000e+04 -1.645739867484207934e+02
4.830000000000000000e+04 -1.646211528231249588e+02
4.840000000000000000e+04 -1.646681276182746956e+02
4.850000000000000000e+04 -1.647149131033141032e+02
4.860000000000000000e+04 -1.647615122381100434e+02
4.870000000000000000e+04 -1.648079288395287847e+02
4.880000000000000000e+04 -1.648541674504518539e+02
4.890000000000000000e+04 -1.649002332148035634e+02
4.900000000000000000e+04 -1.649461317601675603e+02
4.910000000000000000e+04 -1.649918690879406711e+02
4.920000000000000000e+04 -1.650374514698288522e+02
4.930000000000000000e+04 -1.650828853488809216e+02
4.940000000000000000e+04 -1.651281772431412946e+02
4.950000000000000000e+04 -1.651733336503075407e+02
4.960000000000000000e+04 -1.652183609523851828e+02
4.970000000000000000e+04 -1.652632653201184212e+02
4.980000000000000000e+04 -1.653080526178231651e+02
4.990000000000000000e+04 -1.653527283100524699e+02
5.000000000000000000e+04 -1.653972973722043207e+02
5.010000000000000000e+04 -1.654417642076809614e+02
5.020000000000000000e+04 -1.654861325744948033e+02
5.030000000000000000e+04 -1.655304055242848449e+02
5.040000000000000000e+04 -1.655745853565629773e+02
5.050000000000000000e+04 -1.656186735906817376e+02
5.060000000000000000e+04 -1.656626709575230336e+02
5.070000000000000000e+04 -1.657065774122833659e+02
5.080000000000000000e+04 -1.657503921689875597e+02
5.090000000000000000e+04 -1.657941137565219378e+02
5.100000000000000000e+04 -1.658377400950481331e+02
5.110000000000000000e+04 -1.658812685906745799e+02
5.120000000000000000e+04 -1.659246962452671994e+02
5.130000000000000000e+04 -1.659680197773468535e+02
5.140000000000000000e+04 -1.660112357492460546e+02
5.150000000000000000e+04 -1.660543406951767338e+02
5.160000000000000000e+04 -1.660973312446915031e+02
5.170000000000000000e+04 -1.661402042362518898e+02
5.180000000000000000e+04 -1.661829568162588657e+02
5.190000000000000000e+04 -1.662255865199006166e+02
5.200000000000000000e+04 -1.662680913314313784e+02
5.210000000000000000e+04 -1.663104697228794748e+02
5.220000000000000000e+04 -1.663527206715514808e+02
5.230000000000000000e+04 -1.663948436579256054e+02
5.240000000000000000e+04 -1.664368386465092726e+02
5.250000000000000000e+04 -1.664787060529204723e+02
5.260000000000000000e+04 -1.665204467008146878e+02
5.270000000000000000e+04 -1.665620617723386374e+02
5.280000000000000000e+04 -1.666035527555813474e+02
5.290000000000000000e+04 -1.666449213920710974e+02
5.300000000000000000e+04 -1.666861696267875459e+02
5.310000000000000000e+04 -1.667272995624859675e+02
5.320000000000000000e+04 -1.667683134194223271e+02
5.330000000000000000e+04 -1.668092135008775472e+02
5.340000000000000000e+04 -1.668500021642576883e+02
5.350000000000000000e+04 -1.668906817970295151e+02
5.360000000000000000e+04 -1.669312547963728548e+02
5.370000000000000000e+04 -1.669717235512039224e+02
5.380000000000000000e+04 -1.670120904251589025e+02
5.390000000000000000e+04 -1.670523577392073094e+02
5.400000000000000000e+04 -1.670925277527774142e+02
5.410000000000000000e+04 -1.671326026425899158e+02
5.420000000000000000e+04 -1.671725844787796689e+02
5.430000000000000000e+04 -1.672124751983114948e+02
5.440000000000000000e+04 -1.672522765761294750e+02
5.450000000000000000e+04 -1.672919901949034056e+02
5.460000000000000000e+04 -1.673316174146191031e+02
5.470000000000000000e+04 -1.673711593435931491e+02
5.480000000000000000e+04 -1.674106168127373451e+02
5.490000000000000000e+04 -1.674499903550520514e+02
5.500000000000000000e+04 -1.674892801923419370e+02
5.510000000000000000e+04 -1.675284862310140852e+02
5.520000000000000000e+04 -1.675676080685145450e+02
5.530000000000000000e+04 -1.676066450114801683e+02
5.540000000000000000e+04 -1.676455961060497373e+02
5.550000000000000000e+04 -1.676844601800291343e+02
5.560000000000000000e+04 -1.677232358958025316e+02
5.570000000000000000e+04 -1.677619218121053564e+02
5.580000000000000000e+04 -1.678005164521051142e+02
5.590000000000000000e+04 -1.678390183747545166e+02
5.600000000000000000e+04 -1.678774262461363378e+02
5.610000000000000000e+04 -1.679157389075477909e+02
5.620000000000000000e+04 -1.679539554373571946e+02
5.630000000000000000e+04 -1.679920752041796845e+02
5.640000000000000000e+04 -1.680300979095929961e+02
5.650000000000000000e+04 -1.680680236193794030e+02
5.660000000000000000e+04 -1.681058527830524554e+02
5.670000000000000000e+04 -1.681435862421441243e+02
5.680000000000000000e+04 -1.681812252283260420e+02
5.690000000000000000e+04 -1.682187713528861650e+02
5.700000000000000000e+04 -1.682562265893581070e+02
5.710000000000000000e+04 -1.682935932512049533e+02
5.720000000000000000e+04 -1.683308739664009295e+02
5.730000000000000000e+04 -1.683680716505639339e+02
5.740000000000000000e+04 -1.684051894799888771e+02
5.750000000000000000e+04 -1.684422308655566098e+02
5.760000000000000000e+04 -1.684791994280764982e+02
5.770000000000000000e+04 -1.685160989751949501e+02
5.780000000000000000e+04 -1.685529334796004832e+02
5.790000000000000000e+04 -1.685897070579023023e+02
5.800000000000000000e+04 -1.686264239492801380e+02
5.810000000000000000e+04 -1.686630884928145520e+02
5.820000000000000000e+04 -1.686997051023220706e+02
5.830000000000000000e+04 -1.687362782375483619e+02
5.840000000000000000e+04 -1.687728123707131545e+02
5.850000000000000000e+04 -1.688093119476535264e+02
5.860000000000000000e+04 -1.688457813431644468e+02
5.870000000000000000e+04 -1.688822248105732342e+02
5.880000000000000000e+04 -1.689186464260880314e+02
5.890000000000000000e+04 -1.689550500289984711e+02
5.900000000000000000e+04 -1.689914391593512164e+02
5.910000000000000000e+04 -1.690278169952306939e+02
5.920000000000000000e+04 -1.690641862922077507e+02
5.930000000000000000e+04 -1.691005493278283041e+02
5.940000000000000000e+04 -1.691369078541623594e+02
5.950000000000000000e+04 -1.691732630613822437e+02
5.960000000000000000e+04 -1.692096155550676997e+02
5.970000000000000000e+04 -1.692459653494382792e+02
5.980000000000000000e+04 -1.692823118780051743e+02
5.990000000000000000e+04 -1.693186540222596932e+02
6.000000000000000000e+04 -1.693549901580287838e+02
6.010000000000000000e+04 -1.693913182181138666e+02
6.020000000000000000e+04 -1.694276357688715393e+02
6.030000000000000000e+04 -1.694639400975778472e+02
6.040000000000000000e+04 -1.695002283068166093e+02
6.050000000000000000e+04 -1.695364974117917711e+02
6.060000000000000000e+04 -1.695727444364102325e+02
6.070000000000000000e+04 -1.696089665041994863e+02
6.080000000000000000e+04 -1.696451609205824411e+02
6.090000000000000000e+04 -1.696813252436693062e+02
6.100000000000000000e+04 -1.697174573414737608e+02
6.110000000000000000e+04 -1.697535554342503303e+02
6.120000000000000000e+04 -1.697896181214131843e+02
6.130000000000000000e+04 -1.698256443931844046e+02
6.140000000000000000e+04 -1.698616336276973868e+02
6.150000000000000000e+04 -1.698975855747237631e+02
6.160000000000000000e+04 -1.699335003275053850e+02
6.170000000000000000e+04 -1.699693782843523024e+02
6.180000000000000000e+04 -1.700052201017393827e+02
6.190000000000000000e+04 -1.700410266406125288e+02
6.200000000000000000e+04 -1.700767989075258697e+02
6.210000000000000000e+04 -1.701125379920921432e+02
6.220000000000000000e+04 -1.701482450020671990e+02
6.230000000000000000e+04 -1.701839209972138747e+02
6.240000000000000000e+04 -1.702195669229238888e+02
6.250000000000000000e+04 -1.702551835444261030e+02
6.260000000000000000e+04 -1.702907713822849871e+02
6.270000000000000000e+04 -1.703263306498042766e+02
6.280000000000000000e+04 -1.703618611928977487e+02
6.290000000000000000e+04 -1.703973624329793779e+02
6.300000000000000000e+04 -1.704328333134552054e+02
6.310000000000000000e+04 -1.704682722504678338e+02
6.320000000000000000e+04 -1.705036770886490558e+02
6.330000000000000000e+04 -1.705390450627627672e+02
6.340000000000000000e+04 -1.705743727662627975e+02
6.350000000000000000e+04 -1.706096561279297816e+02
6.360000000000000000e+04 -1.706448903978673570e+02
6.370000000000000000e+04 -1.706800701442141985e+02
6.380000000000000000e+04 -1.707151892619347677e+02
6.390000000000000000e+04 -1.707502409949720459e+02
6.400000000000000000e+04 -1.707852179728571400e+02
6.410000000000000000e+04 -1.708201122625575294e+02
6.420000000000000000e+04 -1.708549154359144211e+02
6.430000000000000000e+04 -1.708896186524617349e+02
6.440000000000000000e+04 -1.709242127567742955e+02
6.450000000000000000e+04 -1.709586883887826048e+02
6.460000000000000000e+04 -1.709930361047765075e+02
6.470000000000000000e+04 -1.710272465061502771e+02
6.480000000000000000e+04 -1.710613103723869699e+02
6.490000000000000000e+04 -1.710952187943888987e+02
6.500000000000000000e+04 -1.711289633040906892e+02
6.510000000000000000e+04 -1.711625359963566098e+02
6.520000000000000000e+04 -1.711959296394790613e+02
6.530000000000000000e+04 -1.712291377711312919e+02
6.540000000000000000e+04 -1.712621547773438238e+02
6.550000000000000000e+04 -1.712949759529081746e+02
6.560000000000000000e+04 -1.713275975424941464e+02
6.570000000000000000e+04 -1.713600167626256052e+02
6.580000000000000000e+04 -1.713922318054335676e+02
6.590000000000000000e+04 -1.714242418257475151e+02
6.600000000000000000e+04 -1.714560469135639948e+02
6.610000000000000000e+04 -1.714876480542395996e+02
6.620000000000000000e+04 -1.715190470788966195e+02
6.630000000000000000e+04 -1.715502466075227801e+02
6.640000000000000000e+04 -1.715812499871242096e+02
6.650000000000000000e+04 -1.716120612270778167e+02
6.660000000000000000e+04 -1.716426849335620091e+02
6.670000000000000000e+04 -1.716731262446459709e+02
6.680000000000000000e+04 -1.717033907673153408e+02
6.690000000000000000e+04 -1.717334845174178781e+02
6.700000000000000000e+04 -1.717634138632392933e+02
6.710000000000000000e+04 -1.717931854731773171e+02
6.720000000000000000e+04 -1.718228062677668220e+02
6.730000000000000000e+04 -1.718522833761284119e+02
6.740000000000000000e+04 -1.718816240967586850e+02
6.750000000000000000e+04 -1.719108358624575033e+02
6.760000000000000000e+04 -1.719399262090859679e+02
6.770000000000000000e+04 -1.719689027477732282e+02
6.780000000000000000e+04 -1.719977731401326650e+02
6.790000000000000000e+04 -1.720265450760132921e+02
6.800000000000000000e+04 -1.720552262532926306e+02
6.810000000000000000e+04 -1.720838243592186529e+02
6.820000000000000000e+04 -1.721123470528270616e+02
6.830000000000000000e+04 -1.721408019479929408e+02
6.840000000000000000e+04 -1.721691965967289093e+02
6.850000000000000000e+04 -1.721975384724055971e+02
6.860000000000000000e+04 -1.722258349526452434e+02
6.870000000000000000e+04 -1.722540933017240832e+02
6.880000000000000000e+04 -1.722823206524014665e+02
6.890000000000000000e+04 -1.723105239871770209e+02
6.900000000000000000e+04 -1.723387101190471924e+02
6.910000000000000000e+04 -1.723668856718883262e+02
6.920000000000000000e+04 -1.723950570606288011e+02
6.930000000000000000e+04 -1.724232304713866597e+02
6.940000000000000000e+04 -1.724514118417390307e+02
6.950000000000000000e+04 -1.724796068412647116e+02
6.960000000000000000e+04 -1.725078208524640786e+02
6.970000000000000000e+04 -1.725360589521238808e+02
6.980000000000000000e+04 -1.725643258931702064e+02
6.990000000000000000e+04 -1.725926260870477904e+02
7.000000000000000000e+04 -1.726209635866921133e+02
7.010000000000000000e+04 -1.726493420702196318e+02
7.020000000000000000e+04 -1.726777648255518898e+02
7.030000000000000000e+04 -1.727062347363022354e+02
7.040000000000000000e+04 -1.727347542693735534e+02
7.050000000000000000e+04 -1.727633254648275170e+02
7.060000000000000000e+04 -1.727919499286697942e+02
7.070000000000000000e+04 -1.728206288292367390e+02
7.080000000000000000e+04 -1.728493628978583274e+02
7.090000000000000000e+04 -1.728781524343968954e+02
7.100000000000000000e+04 -1.729069973181368312e+02
7.110000000000000000e+04 -1.729358970243195870e+02
7.120000000000000000e+04 -1.729648506464072284e+02
7.130000000000000000e+04 -1.729938569239258186e+02
7.140000000000000000e+04 -1.730229142755073894e+02
7.150000000000000000e+04 -1.730520208365310282e+02
7.160000000000000000e+04 -1.730811745005773616e+02
7.170000000000000000e+04 -1.731103729637592892e+02
7.180000000000000000e+04 -1.731396137708914580e+02
7.190000000000000000e+04 -1.731688943624069736e+02
7.200000000000000000e+04 -1.731982121209204877e+02
7.210000000000000000e+04 -1.732275644163756283e+02
7.220000000000000000e+04 -1.732569486487867607e+02
7.230000000000000000e+04 -1.732863622876893430e+02
7.240000000000000000e+04 -1.733158029075374316e+02
7.250000000000000000e+04 -1.733452682184293963e+02
7.260000000000000000e+04 -1.733747560916880275e+02
7.270000000000000000e+04 -1.734042645799719082e+02
7.280000000000000000e+04 -1.734337919317396199e+02
7.290000000000000000e+04 -1.734633366000246042e+02
7.300000000000000000e+04 -1.734928972456076508e+02
7.310000000000000000e+04 -1.735224727347888347e+02
7.320000000000000000e+04 -1.735520621320631562e+02
7.330000000000000000e+04 -1.735816646880988969e+02
7.340000000000000000e+04 -1.736112798234967158e+02
7.350000000000000000e+04 -1.736409071088811800e+02
7.360000000000000000e+04 -1.736705462419402011e+02
7.370000000000000000e+04 -1.737001970220830742e+02
7.380000000000000000e+04 -1.737298593234378359e+02
7.390000000000000000e+04 -1.737595330669464886e+02
7.400000000000000000e+04 -1.737892181923472208e+02
7.410000000000000000e+04 -1.738189146308453132e+02
7.420000000000000000e+04 -1.738486222792708418e+02
7.430000000000000000e+04 -1.738783409764964745e+02
7.440000000000000000e+04 -1.739080704828300270e+02
7.450000000000000000e+04 -1.739378104630185931e+02
7.460000000000000000e+04 -1.739675604733789385e+02
7.470000000000000000e+04 -1.739973199534283879e+02
7.480000000000000000e+04 -1.740270882222145588e+02
7.490000000000000000e+04 -1.740568644793553403e+02
7.500000000000000000e+04 -1.740866478106029831e+02
7.510000000000000000e+04 -1.741164371975567917e+02
7.520000000000000000e+04 -1.741462315309771043e+02
7.530000000000000000e+04 -1.741760296270175559e+02
7.540000000000000000e+04 -1.742058302455974683e+02
7.550000000000000000e+04 -1.742356321100920127e+02
7.560000000000000000e+04 -1.742654339275239863e+02
7.570000000000000000e+04 -1.742952344084955030e+02
7.580000000000000000e+04 -1.743250322861886161e+02
7.590000000000000000e+04 -1.743548263338845459e+02
7.600000000000000000e+04 -1.743846153805837389e+02
7.610000000000000000e+04 -1.744143983244399010e+02
7.620000000000000000e+04 -1.744441741438447764e+02
7.630000000000000000e+04 -1.744739419061005492e+02
7.640000000000000000e+04 -1.745037007736938790e+02
7.650000000000000000e+04 -1.745334500082383613e+02
7.660000000000000000e+04 -1.745631889721815639e+02
7.670000000000000000e+04 -1.745929171283852952e+02
7.680000000000000000e+04 -1.746226340376897213e+02
7.690000000000000000e+04 -1.746523393545695910e+02
7.700000000000000000e+04 -1.746820328209891215e+02
7.710000000000000000e+04 -1.747117142585698844e+02
7.720000000000000000e+04 -1.747413835591968905e+02
7.730000000000000000e+04 -1.747710406742132818e+02
7.740000000000000000e+04 -1.748006856023840783e+02
7.750000000000000000e+04 -1.748303183768439055e+02
7.760000000000000000e+04 -1.748599390512806053e+02
7.770000000000000000e+04 -1.748895476856406219e+02
7.780000000000000000e+04 -1.749191443316674679e+02
7.790000000000000000e+04 -1.749487290186020232e+02
7.800000000000000000e+04 -1.749783017393759224e+02
7.810000000000000000e+04 -1.750078624376206449e+02
7.820000000000000000e+04 -1.750374109957886049e+02
7.830000000000000000e+04 -1.750669472246462419e+02
7.840000000000000000e+04 -1.750964708543512813e+02
7.850000000000000000e+04 -1.751259815272682090e+02
7.860000000000000000e+04 -1.751554787926174868e+02
7.870000000000000000e+04 -1.751849621029926993e+02
7.880000000000000000e+04 -1.752144308127240038e+02
7.890000000000000000e+04 -1.752438841780169128e+02
7.900000000000000000e+04 -1.752733213587598584e+02
7.910000000000000000e+04 -1.753027414218696549e+02
7.920000000000000000e+04 -1.753321433460349965e+02
7.930000000000000000e+04 -1.753615260277248638e+02
7.940000000000000000e+04 -1.753908882883459910e+02
7.950000000000000000e+04 -1.754202288824615152e+02
7.960000000000000000e+04 -1.754495465070158957e+02
7.970000000000000000e+04 -1.754788398115421728e+02
7.980000000000000000e+04 -1.755081074093554321e+02
7.990000000000000000e+04 -1.755373478897489292e+02
8.000000000000000000e+04 -1.755665598312103270e+02
8.010000000000000000e+04 -1.755957418156549181e+02
8.020000000000000000e+04 -1.756248924436350762e+02
8.030000000000000000e+04 -1.756540103504302408e+02
8.040000000000000000e+04 -1.756830942228529011e+02
8.050000000000000000e+04 -1.757121428165329462e+02
8.060000000000000000e+04 -1.757411549733687934e+02
8.070000000000000000e+04 -1.757701296387691912e+02
8.080000000000000000e+04 -1.757990658782650542e+02
8.090000000000000000e+04 -1.758279628930443153e+02
8.100000000000000000e+04 -1.758568200339684608e+02
8.110000000000000000e+04 -1.758856368136588628e+02
8.120000000000000000e+04 -1.759144129163009609e+02
8.130000000000000000e+04 -1.759431482048919975e+02
8.140000000000000000e+04 -1.759718427257548115e+02
8.150000000000000000e+04 -1.760004967102442492e+02
8.160000000000000000e+04 -1.760291105736749273e+02
8.170000000000000000e+04 -1.760576849115996652e+02
8.180000000000000000e+04 -1.760862204936513535e+02
8.190000000000000000e+04 -1.761147182552304002e+02
8.200000000000000000e+04 -1.761431792873691506e+02
8.210000000000000000e+04 -1.761716048251352902e+02
8.220000000000000000e+04 -1.761999962349450755e+02
8.230000000000000000e+04 -1.762283550011516979e+02
8.240000000000000000e+04 -1.762566827122512905e+02
8.250000000000000000e+04 -1.762849810470146110e+02
8.260000000000000000e+04 -1.763132517608105445e+02
8.270000000000000000e+04 -1.763414966723357509e+02
8.280000000000000000e+04 -1.763697176509137421e+02
8.290000000000000000e+04 -1.763979166044703675e+02
8.300000000000000000e+04 -1.764260954682387705e+02
8.310000000000000000e+04 -1.764542561941965744e+02
8.320000000000000000e+04 -1.764824007411880586e+02
8.330000000000000000e+04 -1.765105310656442157e+02
8.340000000000000000e+04 -1.765386491127774775e+02
8.350000000000000000e+04 -1.765667568080994272e+02
8.360000000000000000e+04 -1.765948560490941759e+02
8.370000000000000000e+04 -1.766229486968688320e+02
8.380000000000000000e+04 -1.766510365676069227e+02
8.390000000000000000e+04 -1.766791214236617975e+02
8.400000000000000000e+04 -1.767072049641518561e+02
8.410000000000000000e+04 -1.767352888149515877e+02
8.420000000000000000e+04 -1.767633745180158940e+02
8.430000000000000000e+04 -1.767914635200253883e+02
8.440000000000000000e+04 -1.768195571603957887e+02
8.450000000000000000e+04 -1.768476566587555681e+02
8.460000000000000000e+04 -1.768757631020553163e+02
8.470000000000000000e+04 -1.769038774315341698e+02
8.480000000000000000e+04 -1.769320004298216418e+02
8.490000000000000000e+04 -1.769601327085042044e+02
8.500000000000000000e+04 -1.769882746965227511e+02
8.510000000000000000e+04 -1.770164266297970244e+02
8.520000000000000000e+04 -1.770445885424820460e+02
8.530000000000000000e+04 -1.770727602602632089e+02
8.540000000000000000e+04 -1.771009413960737788e+02
8.550000000000000000e+04 -1.771291313485804437e+02
8.560000000000000000e+04 -1.771573293037284316e+02
8.570000000000000000e+04 -1.771855342395630828e+02
8.580000000000000000e+04 -1.772137449344564288e+02
8.590000000000000000e+04 -1.772419599787672553e+02
8.600000000000000000e+04 -1.772701777898517435e+02
8.610000000000000000e+04 -1.772983966302294903e+02
8.620000000000000000e+04 -1.773266146285972127e+02
8.630000000000000000e+04 -1.773548298032778803e+02
8.640000000000000000e+04 -1.773830400876049680e+02
8.650000000000000000e+04 -1.774112433566698428e+02
8.660000000000000000e+04 -1.774394374548164706e+02
8.670000000000000000e+04 -1.774676202232491846e+02
8.680000000000000000e+04 -1.774957895271313646e+02
8.690000000000000000e+04 -1.775239432815914427e+02
8.700000000000000000e+04 -1.775520794761167451e+02
8.710000000000000000e+04 -1.775801961969000899e+02
8.720000000000000000e+04 -1.776082916468002963e+02
8.730000000000000000e+04 -1.776363641626836909e+02
8.740000000000000000e+04 -1.776644122300168931e+02
8.750000000000000000e+04 -1.776924344946802421e+02
8.760000000000000000e+04 -1.777204297720581962e+02
8.770000000000000000e+04 -1.777483970535352285e+02
8.780000000000000000e+04 -1.777763355105816458e+02
8.790000000000000000e+04 -1.778042444966507674e+02
8.800000000000000000e+04 -1.778321235471325110e+02
8.810000000000000000e+04 -1.778599723776113422e+02
8.820000000000000000e+04 -1.778877908806739185e+02
8.830000000000000000e+04 -1.779155791214930389e+02
8.840000000000000000e+04 -1.779433373323918204e+02
8.850000000000000000e+04 -1.779710659065652294e+02
8.860000000000000000e+04 -1.779987653911045413e+02
8.870000000000000000e+04 -1.780264364794407186e+02
8.880000000000000000e+04 -1.780540800032941888e+02
8.890000000000000000e+04 -1.780816969241906804e+02
8.900000000000000000e+04 -1.781092883245801772e+02
8.910000000000000000e+04 -1.781368553985758467e+02
8.920000000000000000e+04 -1.781643994423142203e+02
8.930000000000000000e+04 -1.781919218439261954e+02
8.940000000000000000e+04 -1.782194240731000718e+02
8.950000000000000000e+04 -1.782469076702150232e+02
8.960000000000000000e+04 -1.782743742350224068e+02
8.970000000000000000e+04 -1.783018254148569497e+02
8.980000000000000000e+04 -1.783292628923646532e+02
8.990000000000000000e+04 -1.783566883727465893e+02
9.000000000000000000e+04 -1.783841035705280547e+02
9.010000000000000000e+04 -1.784115101958799414e+02
9.020000000000000000e+04 -1.784389099405356944e+02
9.030000000000000000e+04 -1.784663044633678624e+02
9.040000000000000000e+04 -1.784936953757126048e+02
9.050000000000000000e+04 -1.785210842265519489e+02
9.060000000000000000e+04 -1.785484724876945393e+02
9.070000000000000000e+04 -1.785758615391197850e+02
9.080000000000000000e+04 -1.786032526546829899e+02
9.090000000000000000e+04 -1.786306469884059993e+02
9.100000000000000000e+04 -1.786580455616058316e+02
9.110000000000000000e+04 -1.786854492511393175e+02
9.120000000000000000e+04 -1.787128587790603547e+02
9.130000000000000000e+04 -1.787402747039985229e+02
9.140000000000000000e+04 -1.787676974145696818e+02
9.150000000000000000e+04 -1.787951271251186824e+02
9.160000000000000000e+04 -1.788225638740685781e+02
9.170000000000000000e+04 -1.788500075251085661e+02
9.180000000000000000e+04 -1.788774577713965357e+02
9.190000000000000000e+04 -1.789049141428744747e+02
9.200000000000000000e+04 -1.789323760167096395e+02
9.210000000000000000e+04 -1.789598426307721581e+02
9.220000000000000000e+04 -1.789873130999568502e+02
9.230000000000000000e+04 -1.790147864350495865e+02
9.240000000000000000e+04 -1.790422615637396575e+02
9.250000000000000000e+04 -1.790697373532924246e+02
9.260000000000000000e+04 -1.790972126343273203e+02
9.270000000000000000e+04 -1.791246862250987704e+02
9.280000000000000000e+04 -1.791521569556585405e+02
9.290000000000000000e+04 -1.791796236912832114e+02
9.300000000000000000e+04 -1.792070853545848479e+02
9.310000000000000000e+04 -1.792345409457799121e+02
9.320000000000000000e+04 -1.792619895606696616e+02
9.330000000000000000e+04 -1.792894304059793740e+02
9.340000000000000000e+04 -1.793168628118068568e+02
9.350000000000000000e+04 -1.793442862410388443e+02
9.360000000000000000e+04 -1.793717002957012312e+02
9.370000000000000000e+04 -1.793991047203091398e+02
9.380000000000000000e+04 -1.794264994023743327e+02
9.390000000000000000e+04 -1.794538843703053317e+02
9.400000000000000000e+04 -1.794812597889982158e+02
9.410000000000000000e+04 -1.795086259534625128e+02
9.420000000000000000e+04 -1.795359832808561009e+02
9.430000000000000000e+04 -1.795633323013166773e+02
9.440000000000000000e+04 -1.795906736479738299e+02
9.450000000000000000e+04 -1.796180080465094022e+02
9.460000000000000000e+04 -1.796453363046043705e+02
9.470000000000000000e+04 -1.796726593015685580e+02
9.480000000000000000e+04 -1.796999779784017335e+02
9.490000000000000000e+04 -1.797272933284770602e+02
9.500000000000000000e+04 -1.797546063889797097e+02
9.510000000000000000e+04 -1.797819182331709271e+02
9.520000000000000000e+04 -1.798092299634886331e+02
9.530000000000000000e+04 -1.798365427054381485e+02
9.540000000000000000e+04 -1.798638576021767790e+02
9.550000000000000000e+04 -1.798911758096527649e+02
9.560000000000000000e+04 -1.799184984921258774e+02
9.570000000000000000e+04 -1.799458268178760818e+02
9.580000000000000000e+04 -1.799731619548951471e+02
9.590000000000000000e+04 -1.800005050663594943e+02
9.600000000000000000e+04 -1.800278573056965286e+02
9.610000000000000000e+04 -1.800552198110821678e+02
9.620000000000000000e+04 -1.800825936992442280e+02
9.630000000000000000e+04 -1.801099800584900663e+02
9.640000000000000000e+04 -1.801373799409292644e+02
9.650000000000000000e+04 -1.801647943539192624e+02
9.660000000000000000e+04 -1.801922242508188106e+02
9.670000000000000000e+04 -1.802196705211961216e+02
9.680000000000000000e+04 -1.802471339806928938e+02
9.690000000000000000e+04 -1.802746153607979238e+02
9.700000000000000000e+04 -1.803021152988293068e+02
9.710000000000000000e+04 -1.803296343284575016e+02
9.720000000000000000e+04 -1.803571728711258118e+02
9.730000000000000000e+04 -1.803847312287335285e+02
9.740000000000000000e+04 -1.804123095779412438e+02
9.750000000000000000e+04 -1.804399079664361807e+02
9.760000000000000000e+04 -1.804675263114577888e+02
9.770000000000000000e+04 -1.804951644008293954e+02
9.780000000000000000e+04 -1.805228218966746567e+02
9.790000000000000000e+04 -1.805504983419162102e+02
9.800000000000000000e+04 -1.805781931695667595e+02
9.810000000000000000e+04 -1.806059057147263900e+02
9.820000000000000000e+04 -1.806336352291068579e+02
9.830000000000000000e+04 -1.806613808978111706e+02
9.840000000000000000e+04 -1.806891418580142386e+02
9.850000000000000000e+04 -1.807169172191215125e+02
9.860000000000000000e+04 -1.807447060839267294e+02
9.870000000000000000e+04 -1.807725075702570905e+02
9.880000000000000000e+04 -1.808003208325790752e+02
9.890000000000000000e+04 -1.808281450830444328e+02
9.900000000000000000e+04 -1.808559796114833489e+02
9.910000000000000000e+04 -1.808838238038949839e+02
9.920000000000000000e+04 -1.809116771590451549e+02
9.930000000000000000e+04 -1.809395393028512444e+02
9.940000000000000000e+04 -1.809674100003118440e+02
9.950000000000000000e+04 -1.809952891648205764e+02
9.960000000000000000e+04 -1.810231768647833803e+02
9.970000000000000000e+04 -1.810510733275386315e+02
9.980000000000000000e+04 -1.810789789406512114e+02
9.990000000000000000e+04 -1.811068942507191650e+02
1.000000000000000000e+05 -1.811348199598895405e+02
