# time cm distance
0.000000000000000000e+00 2.799999999999999822e+00 2.200000000000000178e+00 3.560898762952970920e+00
1.000000000000000000e+00 3.200000000000000178e+00 2.399999999999999911e+00 4.000000000000000000e+00
2.000000000000000000e+00 3.200000000000000178e+00 2.799999999999999822e+00 4.252058325093860169e+00
3.000000000000000000e+00 3.399999999999999911e+00 3.200000000000000178e+00 4.669047011971501071e+00
4.000000000000000000e+00 3.799999999999999822e+00 3.200000000000000178e+00 4.967896939349688346e+00
5.000000000000000000e+00 4.200000000000000178e+00 3.399999999999999911e+00 5.403702434442518410e+00
6.000000000000000000e+00 4.200000000000000178e+00 3.799999999999999822e+00 5.663920903402518192e+00
7.000000000000000000e+00 4.400000000000000355e+00 4.200000000000000178e+00 6.082762530298219339e+00
8.000000000000000000e+00 4.799999999999999822e+00 4.200000000000000178e+00 6.378087487640789810e+00
9.000000000000000000e+00 5.200000000000000178e+00 4.400000000000000355e+00 6.811754546370560881e+00
1.000000000000000000e+01 5.200000000000000178e+00 4.799999999999999822e+00 7.076722405181652853e+00
1.100000000000000000e+01 5.400000000000000355e+00 5.200000000000000178e+00 7.496665925596524893e+00
1.200000000000000000e+01 5.799999999999999822e+00 5.200000000000000178e+00 7.789736837660178992e+00
1.300000000000000000e+01 6.200000000000000178e+00 5.400000000000000355e+00 8.221921916437786138e+00
1.400000000000000000e+01 6.200000000000000178e+00 5.799999999999999822e+00 8.489994110716450493e+00
1.500000000000000000e+01 6.400000000000000355e+00 6.200000000000000178e+00 8.910667763978185718e+00
1.600000000000000000e+01 6.799999999999999822e+00 6.200000000000000178e+00 9.202173656261873447e+00
1.700000000000000000e+01 7.200000000000000178e+00 6.400000000000000355e+00 9.633275663033836977e+00
1.800000000000000000e+01 7.200000000000000178e+00 6.799999999999999822e+00 9.903534722511958321e+00
1.900000000000000000e+01 7.400000000000000355e+00 7.200000000000000178e+00 1.032472759931224537e+01
2.000000000000000000e+01 7.799999999999999822e+00 7.200000000000000178e+00 1.061508360777247972e+01
2.100000000000000000e+01 8.199999999999999289e+00 7.400000000000000355e+00 1.104536101718726115e+01
2.200000000000000000e+01 8.199999999999999289e+00 7.799999999999999822e+00 1.131724348063608510e+01
2.300000000000000000e+01 8.400000000000000355e+00 8.199999999999999289e+00 1.173882447266335127e+01
2.400000000000000000e+01 8.800000000000000711e+00 8.199999999999999289e+00 1.202829996300391535e+01
2.500000000000000000e+01 9.199999999999999289e+00 8.400000000000000355e+00 1.245792920191794906e+01
2.600000000000000000e+01 9.199999999999999289e+00 8.800000000000000711e+00 1.273106437027163906e+01
2.700000000000000000e+01 9.400000000000000355e+00 9.199999999999999289e+00 1.315294643796590535e+01
2.800000000000000000e+01 9.800000000000000711e+00 9.199999999999999289e+00 1.344172607963724353e+01
2.900000000000000000e+01 1.019999999999999929e+01 9.400000000000000355e+00 1.387083270751976194e+01
3.000000000000000000e+01 1.019999999999999929e+01 9.800000000000000711e+00 1.414496376806953926e+01
3.100000000000000000e+01 1.040000000000000036e+01 1.019999999999999929e+01 1.456708618770411512e+01
3.200000000000000000e+01 1.080000000000000071e+01 1.019999999999999929e+01 1.485530208376793659e+01
3.300000000000000000e+01 1.119999999999999929e+01 1.040000000000000036e+01 1.528397853963424069e+01
3.400000000000000000e+01 1.119999999999999929e+01 1.080000000000000071e+01 1.555892027102137831e+01
3.500000000000000000e+01 1.140000000000000036e+01 1.119999999999999929e+01 1.598123900077838044e+01
3.600000000000000000e+01 1.180000000000000071e+01 1.119999999999999929e+01 1.626898890527619912e+01
3.700000000000000000e+01 1.219999999999999929e+01 1.140000000000000036e+01 1.669730517179343821e+01
3.800000000000000000e+01 1.219999999999999929e+01 1.180000000000000071e+01 1.697291960742169792e+01
3.900000000000000000e+01 1.240000000000000036e+01 1.219999999999999929e+01 1.739540169125162805e+01
4.000000000000000000e+01 1.280000000000000071e+01 1.219999999999999929e+01 1.768275996557098395e+01
4.100000000000000000e+01 1.319999999999999929e+01 1.240000000000000036e+01 1.811077027627483460e+01
4.200000000000000000e+01 1.319999999999999929e+01 1.280000000000000071e+01 1.838695189529792628e+01
4.300000000000000000e+01 1.340000000000000036e+01 1.319999999999999929e+01 1.880957203128236799e+01
4.400000000000000000e+01 1.380000000000000071e+01 1.319999999999999929e+01 1.909659655540745860e+01
4.500000000000000000e+01 1.419999999999999929e+01 1.340000000000000036e+01 1.952434377898524787e+01
4.600000000000000000e+01 1.419999999999999929e+01 1.380000000000000071e+01 1.980101007524616108e+01
4.700000000000000000e+01 1.440000000000000036e+01 1.419999999999999929e+01 2.022374841615668473e+01
4.800000000000000000e+01 1.480000000000000071e+01 1.419999999999999929e+01 2.051048512346794794e+01
4.900000000000000000e+01 1.519999999999999929e+01 1.440000000000000036e+01 2.093800372528384202e+01
5.000000000000000000e+01 1.519999999999999929e+01 1.480000000000000071e+01 2.121508896988179060e+01
5.100000000000000000e+01 1.540000000000000036e+01 1.519999999999999929e+01 2.163792966066763057e+01
5.200000000000000000e+01 1.580000000000000071e+01 1.519999999999999929e+01 2.192441561364863389e+01
5.300000000000000000e+01 1.619999999999999929e+01 1.540000000000000036e+01 2.235173371351761773e+01
5.400000000000000000e+01 1.619999999999999929e+01 1.580000000000000071e+01 2.262918469587448556e+01
5.500000000000000000e+01 1.639999999999999858e+01 1.619999999999999929e+01 2.305211487044084606e+01
5.600000000000000000e+01 1.680000000000000071e+01 1.619999999999999929e+01 2.333838040653207102e+01
5.700000000000000000e+01 1.719999999999999929e+01 1.639999999999999858e+01 2.376552124402071442e+01
5.800000000000000000e+01 1.719999999999999929e+01 1.680000000000000071e+01 2.404329428343794817e+01
5.900000000000000000e+01 1.739999999999999858e+01 1.719999999999999929e+01 2.446630335788387711e+01
6.000000000000000000e+01 1.780000000000000071e+01 1.719999999999999929e+01 2.475237362355376192e+01
6.100000000000000000e+01 1.819999999999999929e+01 1.739999999999999858e+01 2.517935662402834041e+01
6.200000000000000000e+01 1.819999999999999929e+01 1.780000000000000071e+01 2.545741542262293322e+01
6.300000000000000000e+01 1.839999999999999858e+01 1.819999999999999929e+01 2.588049458569136263e+01
6.400000000000000000e+01 1.880000000000000071e+01 1.819999999999999929e+01 2.616639065671840214e+01
6.500000000000000000e+01 1.919999999999999929e+01 1.839999999999999858e+01 2.659323222175145673e+01
6.600000000000000000e+01 1.919999999999999929e+01 1.880000000000000071e+01 2.687154628970949233e+01
6.700000000000000000e+01 1.939999999999999858e+01 1.919999999999999929e+01 2.729468812791236232e+01
6.800000000000000000e+01 1.980000000000000071e+01 1.919999999999999929e+01 2.758042784294688943e+01
6.900000000000000000e+01 2.019999999999999929e+01 1.939999999999999858e+01 2.800714194629648190e+01
7.000000000000000000e+01 2.019999999999999929e+01 1.980000000000000071e+01 2.828568542567070310e+01
7.100000000000000000e+01 2.039999999999999858e+01 2.019999999999999929e+01 2.870888364252430947e+01
7.200000000000000000e+01 2.080000000000000071e+01 2.019999999999999929e+01 2.899448223369405397e+01
7.300000000000000000e+01 2.119999999999999929e+01 2.039999999999999858e+01 2.942108087749326728e+01
7.400000000000000000e+01 2.119999999999999929e+01 2.080000000000000071e+01 2.969983164935451470e+01
7.500000000000000000e+01 2.139999999999999858e+01 2.119999999999999929e+01 3.012308085173227923e+01
7.600000000000000000e+01 2.180000000000000071e+01 2.119999999999999929e+01 3.040855142883330586e+01
7.700000000000000000e+01 2.219999999999999929e+01 2.139999999999999858e+01 3.083504499753486527e+01
7.800000000000000000e+01 2.219999999999999929e+01 2.180000000000000071e+01 3.111398399433926443e+01
7.900000000000000000e+01 2.239999999999999858e+01 2.219999999999999929e+01 3.153727952756863928e+01
8.000000000000000000e+01 2.280000000000000071e+01 2.219999999999999929e+01 3.182263345482268591e+01
8.100000000000000000e+01 2.319999999999999929e+01 2.239999999999999858e+01 3.224903099319419653e+01
8.200000000000000000e+01 2.319999999999999929e+01 2.280000000000000071e+01 3.252814166225915926e+01
8.300000000000000000e+01 2.339999999999999858e+01 2.319999999999999929e+01 3.295147948120084180e+01
8.400000000000000000e+01 2.380000000000000071e+01 2.319999999999999929e+01 3.323672667396716207e+01
8.500000000000000000e+01 2.419999999999999929e+01 2.339999999999999858e+01 3.366303610787357314e+01
8.600000000000000000e+01 2.419999999999999929e+01 2.380000000000000071e+01 3.394230398779670566e+01
8.700000000000000000e+01 2.439999999999999858e+01 2.419999999999999929e+01 3.436568055487916240e+01
8.800000000000000000e+01 2.480000000000000071e+01 2.419999999999999929e+01 3.465082971589569638e+01
8.900000000000000000e+01 2.519999999999999929e+01 2.439999999999999858e+01 3.507705802943000606e+01
9.000000000000000000e+01 2.519999999999999929e+01 2.480000000000000071e+01 3.535647041207592167e+01
9.100000000000000000e+01 2.539999999999999858e+01 2.519999999999999929e+01 3.577988261579402973e+01
9.200000000000000000e+01 2.580000000000000071e+01 2.519999999999999929e+01 3.606494142515692403e+01
9.300000000000000000e+01 2.619999999999999929e+01 2.539999999999999858e+01 3.649109480407514639e+01
9.400000000000000000e+01 2.619999999999999929e+01 2.580000000000000071e+01 3.677064046219483373e+01
9.500000000000000000e+01 2.639999999999999858e+01 2.619999999999999929e+01 3.719408555133463778e+01
9.600000000000000000e+01 2.680000000000000071e+01 2.619999999999999929e+01 3.747906082067692068e+01
9.700000000000000000e+01 2.719999999999999929e+01 2.639999999999999858e+01 3.790514476954282230e+01
9.800000000000000000e+01 2.719999999999999929e+01 2.680000000000000071e+01 3.818481373530581635e+01
9.900000000000000000e+01 2.739999999999999858e+01 2.719999999999999929e+01 3.860828926538962946e+01
