# timestep f
0.000000000000000000e+00 -1.094216147205113430e+02
1.000000000000000000e+02 -1.092731773381867981e+02
2.000000000000000000e+02 -1.092682613054971341e+02
3.000000000000000000e+02 -1.092664124143162780e+02
4.000000000000000000e+02 -1.092654428077059379e+02
5.000000000000000000e+02 -1.092648425914887440e+02
6.000000000000000000e+02 -1.092644522302536672e+02
7.000000000000000000e+02 -1.092642054566425429e+02
8.000000000000000000e+02 -1.092640662163964436e+02
9.000000000000000000e+02 -1.092640109648229441e+02
1.000000000000000000e+03 -1.092640228487916403e+02
1.100000000000000000e+03 -1.092640893289215853e+02
1.200000000000000000e+03 -1.092642009351039434e+02
1.300000000000000000e+03 -1.092643504763894953e+02
1.400000000000000000e+03 -1.092645324834053184e+02
1.500000000000000000e+03 -1.092647427967744562e+02
1.600000000000000000e+03 -1.092649782584146578e+02
1.700000000000000000e+03 -1.092652364788989559e+02
1.800000000000000000e+03 -1.092655156619250931e+02
1.900000000000000000e+03 -1.092658144717941298e+02
2.000000000000000000e+03 -1.092661319332614482e+02
2.100000000000000000e+03 -1.092664673557363244e+02
2.200000000000000000e+03 -1.092668202757965190e+02
2.300000000000000000e+03 -1.092671904134983834e+02
2.400000000000000000e+03 -1.092675776391028535e+02
2.500000000000000000e+03 -1.092679819476939826e+02
2.600000000000000000e+03 -1.092684034398047288e+02
2.700000000000000000e+03 -1.092688423066397405e+02
2.800000000000000000e+03 -1.092692988188391041e+02
2.900000000000000000e+03 -1.092697733179893333e+02
3.000000000000000000e+03 -1.092702662102849445e+02
3.100000000000000000e+03 -1.092707779618902464e+02
3.200000000000000000e+03 -1.092713090956613797e+02
3.300000000000000000e+03 -1.092718601889713739e+02
3.400000000000000000e+03 -1.092724318724444004e+02
3.500000000000000000e+03 -1.092730248294530497e+02
3.600000000000000000e+03 -1.092736397962695492e+02
3.700000000000000000e+03 -1.092742775627905445e+02
3.800000000000000000e+03 -1.092749389737774948e+02
3.900000000000000000e+03 -1.092756249305726755e+02
4.000000000000000000e+03 -1.092763363932653249e+02
4.100000000000000000e+03 -1.092770743832946607e+02
4.200000000000000000e+03 -1.092778399864863559e+02
4.300000000000000000e+03 -1.092786343565284710e+02
4.400000000000000000e+03 -1.092794587189006563e+02
4.500000000000000000e+03 -1.092803143752784081e+02
4.600000000000000000e+03 -1.092812027084409863e+02
4.700000000000000000e+03 -1.092821251877198847e+02
4.800000000000000000e+03 -1.092830833750317083e+02
4.900000000000000000e+03 -1.092840789315481516e+02
5.000000000000000000e+03 -1.092851136250641702e+02
5.100000000000000000e+03 -1.092861893381356992e+02
5.200000000000000000e+03 -1.092873080770686727e+02
5.300000000000000000e+03 -1.092884719818543573e+02
5.400000000000000000e+03 -1.092896833371592322e+02
5.500000000000000000e+03 -1.092909445844940706e+02
5.600000000000000000e+03 -1.092922583357061797e+02
5.700000000000000000e+03 -1.092936273879591340e+02
5.800000000000000000e+03 -1.092950547403903556e+02
5.900000000000000000e+03 -1.092965436126660563e+02
6.000000000000000000e+03 -1.092980974656866806e+02
6.100000000000000000e+03 -1.092997200247375957e+02
6.200000000000000000e+03 -1.093014153054261186e+02
6.300000000000000000e+03 -1.093031876428034508e+02
6.400000000000000000e+03 -1.093050417241361174e+02
6.500000000000000000e+03 -1.093069826258726209e+02
6.600000000000000000e+03 -1.093090158554454092e+02
6.700000000000000000e+03 -1.093111473986642466e+02
6.800000000000000000e+03 -1.093133837735946940e+02
6.900000000000000000e+03 -1.093157320919841879e+02
7.000000000000000000e+03 -1.093182001295009371e+02
7.100000000000000000e+03 -1.093207964063008291e+02
7.200000000000000000e+03 -1.093235302797423429e+02
7.300000000000000000e+03 -1.093264120514453452e+02
7.400000000000000000e+03 -1.093294530913559583e+02
7.500000000000000000e+03 -1.093326659820580034e+02
7.600000000000000000e+03 -1.093360646872966981e+02
7.700000000000000000e+03 -1.093396647495909377e+02
7.800000000000000000e+03 -1.093434835229620319e+02
7.900000000000000000e+03 -1.093475404482733921e+02
8.000000000000000000e+03 -1.093518573805503991e+02
8.100000000000000000e+03 -1.093564589800669324e+02
8.200000000000000000e+03 -1.093613731821195074e+02
8.300000000000000000e+03 -1.093666317645029977e+02
8.400000000000000000e+03 -1.093722710370873870e+02
8.500000000000000000e+03 -1.093783326850316371e+02
8.600000000000000000e+03 -1.093848648067037175e+02
8.700000000000000000e+03 -1.093919232002097317e+02
8.800000000000000000e+03 -1.093995729698522439e+02
8.900000000000000000e+03 -1.094078905476700072e+02
9.000000000000000000e+03 -1.094169662580823115e+02
9.100000000000000000e+03 -1.094269075993540810e+02
9.200000000000000000e+03 -1.094378434795723933e+02
9.300000000000000000e+03 -1.094499297349483982e+02
9.400000000000000000e+03 -1.094633563857803864e+02
9.500000000000000000e+03 -1.094783572661326332e+02
9.600000000000000000e+03 -1.094952229185893344e+02
9.700000000000000000e+03 -1.095143180021748748e+02
9.800000000000000000e+03 -1.095361049477870665e+02
9.900000000000000000e+03 -1.095611762253088273e+02
1.000000000000000000e+04 -1.095902983173513121e+02
1.010000000000000000e+04 -1.096244711246038008e+02
1.020000000000000000e+04 -1.096650064790328116e+02
1.030000000000000000e+04 -1.097136273793258141e+02
1.040000000000000000e+04 -1.097725829766051504e+02
1.050000000000000000e+04 -1.098447598840412809e+02
1.060000000000000000e+04 -1.099337472950103773e+02
1.070000000000000000e+04 -1.100437926690919426e+02
1.080000000000000000e+04 -1.101795979375284276e+02
1.090000000000000000e+04 -1.103459848562535512e+02
1.100000000000000000e+04 -1.105475669316824394e+02
1.110000000000000000e+04 -1.107885850969087898e+02
1.120000000000000000e+04 -1.110729333549131326e+02
1.130000000000000000e+04 -1.114042154793670250e+02
1.140000000000000000e+04 -1.117855780916109438e+02
1.150000000000000000e+04 -1.122191759001146636e+02
1.160000000000000000e+04 -1.127054481363421132e+02
1.170000000000000000e+04 -1.132426384653364266e+02
1.180000000000000000e+04 -1.138268685424220052e+02
1.190000000000000000e+04 -1.144527444087378001e+02
1.200000000000000000e+04 -1.151142958776856631e+02
1.210000000000000000e+04 -1.158060004729780701e+02
1.220000000000000000e+04 -1.165235839493986134e+02
1.230000000000000000e+04 -1.172643550780710200e+02
1.240000000000000000e+04 -1.180271091321500876e+02
1.250000000000000000e+04 -1.188118680738330113e+02
1.260000000000000000e+04 -1.196196342304870655e+02
1.270000000000000000e+04 -1.204520332514554752e+02
1.280000000000000000e+04 -1.213106231375678306e+02
1.290000000000000000e+04 -1.221959284254104716e+02
1.300000000000000000e+04 -1.231066407214474623e+02
1.310000000000000000e+04 -1.240394919906875941e+02
1.320000000000000000e+04 -1.249899435494616426e+02
1.330000000000000000e+04 -1.259533474465209508e+02
1.340000000000000000e+04 -1.269260382957070448e+02
1.350000000000000000e+04 -1.279059907060034647e+02
1.360000000000000000e+04 -1.288929679044424290e+02
1.370000000000000000e+04 -1.298882470668296492e+02
1.380000000000000000e+04 -1.308940287112653209e+02
1.390000000000000000e+04 -1.319126537391516649e+02
1.400000000000000000e+04 -1.329458474300147657e+02
1.410000000000000000e+04 -1.339942861256118363e+02
1.420000000000000000e+04 -1.350576604710697950e+02
1.430000000000000000e+04 -1.361351346009682004e+02
1.440000000000000000e+04 -1.372259034443856649e+02
1.450000000000000000e+04 -1.383295322503630587e+02
1.460000000000000000e+04 -1.394459263332208820e+02
1.470000000000000000e+04 -1.405750679898910107e+02
1.480000000000000000e+04 -1.417168131603942811e+02
1.490000000000000000e+04 -1.428708758886697581e+02
1.500000000000000000e+04 -1.440368848199439640e+02
1.510000000000000000e+04 -1.452143627225910905e+02
1.520000000000000000e+04 -1.464025872850315295e+02
1.530000000000000000e+04 -1.476004186821109272e+02
1.540000000000000000e+04 -1.488062704845682731e+02
1.550000000000000000e+04 -1.500183001746663933e+02
1.560000000000000000e+04 -1.512346598299571667e+02
1.570000000000000000e+04 -1.524536101888493818e+02
1.580000000000000000e+04 -1.536735033733645253e+02
1.590000000000000000e+04 -1.548927433354452035e+02
1.600000000000000000e+04 -1.561097380504403134e+02
1.610000000000000000e+04 -1.573228339430198730e+02
1.620000000000000000e+04 -1.585303103269221197e+02
1.630000000000000000e+04 -1.597304593761789420e+02
1.640000000000000000e+04 -1.609216493919216759e+02
1.650000000000000000e+04 -1.621023290004642092e+02
1.660000000000000000e+04 -1.632710679665793521e+02
1.670000000000000000e+04 -1.644266693261775458e+02
1.680000000000000000e+04 -1.655682123388966716e+02
1.690000000000000000e+04 -1.666948879902421936e+02
1.700000000000000000e+04 -1.678056914330819041e+02
1.710000000000000000e+04 -1.688991990655654263e+02
1.720000000000000000e+04 -1.699736179962028189e+02
1.730000000000000000e+04 -1.710271171127609477e+02
1.740000000000000000e+04 -1.720582927399142363e+02
1.750000000000000000e+04 -1.730665732719663197e+02
1.760000000000000000e+04 -1.740524080089679728e+02
1.770000000000000000e+04 -1.750171748324757459e+02
1.780000000000000000e+04 -1.759628561169470800e+02
1.790000000000000000e+04 -1.768916176628772803e+02
1.800000000000000000e+04 -1.778054136139976436e+02
1.810000000000000000e+04 -1.787056660779894344e+02
1.820000000000000000e+04 -1.795930420460861399e+02
1.830000000000000000e+04 -1.804673729326825651e+02
1.840000000000000000e+04 -1.813277421877235156e+02
1.850000000000000000e+04 -1.821727170893589687e+02
1.860000000000000000e+04 -1.830006853204743038e+02
1.870000000000000000e+04 -1.838102373918072487e+02
1.880000000000000000e+04 -1.846004919912740547e+02
1.890000000000000000e+04 -1.853712721200462283e+02
1.900000000000000000e+04 -1.861231287909919843e+02
1.910000000000000000e+04 -1.868572853766296760e+02
1.920000000000000000e+04 -1.875755655436030906e+02
1.930000000000000000e+04 -1.882802962829031799e+02
1.940000000000000000e+04 -1.889741186795748149e+02
1.950000000000000000e+04 -1.896596413225686319e+02
1.960000000000000000e+04 -1.903389302525567075e+02
1.970000000000000000e+04 -1.910129183635554284e+02
1.980000000000000000e+04 -1.916809641567546123e+02
1.990000000000000000e+04 -1.923409502470915129e+02
2.000000000000000000e+04 -1.929900959754488667e+02
2.010000000000000000e+04 -1.936260075937646548e+02
2.020000000000000000e+04 -1.942472875880333447e+02
2.030000000000000000e+04 -1.948535459506493339e+02
2.040000000000000000e+04 -1.954450800820569611e+02
2.050000000000000000e+04 -1.960224770976329296e+02
2.060000000000000000e+04 -1.965862591672552639e+02
2.070000000000000000e+04 -1.971366426270922432e+02
2.080000000000000000e+04 -1.976734658904829303e+02
2.090000000000000000e+04 -1.981962764570416198e+02
2.100000000000000000e+04 -1.987044811223453280e+02
2.110000000000000000e+04 -1.991974556276368844e+02
2.120000000000000000e+04 -1.996745921857959161e+02
2.130000000000000000e+04 -2.001353313728920114e+02
2.140000000000000000e+04 -2.005792136302383142e+02
2.150000000000000000e+04 -2.010059390732708948e+02
2.160000000000000000e+04 -2.014154052430807553e+02
2.170000000000000000e+04 -2.018077076069554892e+02
2.180000000000000000e+04 -2.021831086056328672e+02
2.190000000000000000e+04 -2.025419898981214715e+02
2.200000000000000000e+04 -2.028848011450495790e+02
2.210000000000000000e+04 -2.032120147370390555e+02
2.220000000000000000e+04 -2.035240926793011340e+02
2.230000000000000000e+04 -2.038214689096283223e+02
2.240000000000000000e+04 -2.041045468102072391e+02
2.250000000000000000e+04 -2.043737081474083652e+02
2.260000000000000000e+04 -2.046293275672446157e+02
2.270000000000000000e+04 -2.048717869115045858e+02
2.280000000000000000e+04 -2.051014855169377711e+02
2.290000000000000000e+04 -2.053188450640046767e+02
2.300000000000000000e+04 -2.055243093999644657e+02
2.310000000000000000e+04 -2.057183407035416280e+02
2.320000000000000000e+04 -2.059014135530328815e+02
2.330000000000000000e+04 -2.060740082476161774e+02
2.340000000000000000e+04 -2.062366043835335461e+02
2.350000000000000000e+04 -2.063896753418374033e+02
2.360000000000000000e+04 -2.065336840467419961e+02
2.370000000000000000e+04 -2.066690801063214451e+02
2.380000000000000000e+04 -2.067962982477437777e+02
2.390000000000000000e+04 -2.069157578121986489e+02
2.400000000000000000e+04 -2.070278629895394147e+02
2.410000000000000000e+04 -2.071330034541679197e+02
2.420000000000000000e+04 -2.072315551047713598e+02
2.430000000000000000e+04 -2.073238806918852788e+02
2.440000000000000000e+04 -2.074103302134714681e+02
2.450000000000000000e+04 -2.074912410465519486e+02
2.460000000000000000e+04 -2.075669378475809594e+02
2.470000000000000000e+04 -2.076377322908516305e+02
2.480000000000000000e+04 -2.077039227259451195e+02
2.490000000000000000e+04 -2.077657938293180280e+02
2.500000000000000000e+04 -2.078236163095834286e+02
2.510000000000000000e+04 -2.078776467074510492e+02
2.520000000000000000e+04 -2.079281273140259998e+02
2.530000000000000000e+04 -2.079752862175565156e+02
2.540000000000000000e+04 -2.080193374795902344e+02
2.550000000000000000e+04 -2.080604814368118411e+02
2.560000000000000000e+04 -2.080989051241982111e+02
2.570000000000000000e+04 -2.081347828181889099e+02
2.580000000000000000e+04 -2.081682767053170835e+02
2.590000000000000000e+04 -2.081995376927905852e+02
2.600000000000000000e+04 -2.082287063945121304e+02
2.610000000000000000e+04 -2.082559143523046146e+02
2.620000000000000000e+04 -2.082812855938662722e+02
2.630000000000000000e+04 -2.083049386973243600e+02
2.640000000000000000e+04 -2.083269896469308833e+02
2.650000000000000000e+04 -2.083475559601943701e+02
2.660000000000000000e+04 -2.083667629040666895e+02
2.670000000000000000e+04 -2.083847531990537334e+02
2.680000000000000000e+04 -2.084017025976130810e+02
2.690000000000000000e+04 -2.084178453335350980e+02
2.700000000000000000e+04 -2.084335158057496074e+02
2.710000000000000000e+04 -2.084492153911484138e+02
2.720000000000000000e+04 -2.084657124505962997e+02
2.730000000000000000e+04 -2.084841671911675007e+02
2.740000000000000000e+04 -2.085062124226757589e+02
2.750000000000000000e+04 -2.085337913601378546e+02
2.760000000000000000e+04 -2.085684708741831059e+02
2.770000000000000000e+04 -2.086103340850343670e+02
2.780000000000000000e+04 -2.086574428448495837e+02
2.790000000000000000e+04 -2.087067259307743825e+02
2.800000000000000000e+04 -2.087554678237301573e+02
2.810000000000000000e+04 -2.088020575339164679e+02
2.820000000000000000e+04 -2.088458711838971453e+02
2.830000000000000000e+04 -2.088868633688574050e+02
2.840000000000000000e+04 -2.089252357337032322e+02
2.850000000000000000e+04 -2.089612522029778177e+02
2.860000000000000000e+04 -2.089951587818059693e+02
2.870000000000000000e+04 -2.090271590376562756e+02
2.880000000000000000e+04 -2.090574140144354942e+02
2.890000000000000000e+04 -2.090860504785127034e+02
2.900000000000000000e+04 -2.091131703454680633e+02
2.910000000000000000e+04 -2.091388586507276273e+02
2.920000000000000000e+04 -2.091631894573117449e+02
2.930000000000000000e+04 -2.091862298870244956e+02
2.940000000000000000e+04 -2.092080426918820706e+02
2.950000000000000000e+04 -2.092286877835132941e+02
2.960000000000000000e+04 -2.092482230626897035e+02
2.970000000000000000e+04 -2.092667048035625044e+02
2.980000000000000000e+04 -2.092841877711120446e+02
2.990000000000000000e+04 -2.093007251915369693e+02
3.000000000000000000e+04 -2.093163686527233835e+02
3.010000000000000000e+04 -2.093311679823708289e+02
3.020000000000000000e+04 -2.093451711314818908e+02
3.030000000000000000e+04 -2.093584240779568404e+02
3.040000000000000000e+04 -2.093709707568279441e+02
3.050000000000000000e+04 -2.093828530186690671e+02
3.060000000000000000e+04 -2.093941106148278664e+02
3.070000000000000000e+04 -2.094047812066032179e+02
3.080000000000000000e+04 -2.094149003948230643e+02
3.090000000000000000e+04 -2.094245017661335737e+02
3.100000000000000000e+04 -2.094336169524662239e+02
3.110000000000000000e+04 -2.094422757004707307e+02
3.120000000000000000e+04 -2.094505059480911200e+02
3.130000000000000000e+04 -2.094583339058737010e+02
3.140000000000000000e+04 -2.094657841409909338e+02
3.150000000000000000e+04 -2.094728796623298308e+02
3.160000000000000000e+04 -2.094796420053183965e+02
3.170000000000000000e+04 -2.094860913154471405e+02
3.180000000000000000e+04 -2.094922464296838029e+02
3.190000000000000000e+04 -2.094981249551819928e+02
3.200000000000000000e+04 -2.095037433448553656e+02
3.210000000000000000e+04 -2.095091169695240296e+02
3.220000000000000000e+04 -2.095142601864537539e+02
3.230000000000000000e+04 -2.095191864041971712e+02
3.240000000000000000e+04 -2.095239081437163122e+02
3.250000000000000000e+04 -2.095284370958206068e+02
3.260000000000000000e+04 -2.095327841749964364e+02
3.270000000000000000e+04 -2.095369595697345062e+02
3.280000000000000000e+04 -2.095409727894843854e+02
3.290000000000000000e+04 -2.095448327083808522e+02
3.300000000000000000e+04 -2.095485476058957488e+02
3.310000000000000000e+04 -2.095521252045747076e+02
3.320000000000000000e+04 -2.095555727050187329e+02
3.330000000000000000e+04 -2.095588968182701421e+02
3.340000000000000000e+04 -2.095621037957553199e+02
3.350000000000000000e+04 -2.095651994569334420e+02
3.360000000000000000e+04 -2.095681892147879921e+02
3.370000000000000000e+04 -2.095710780992904461e+02
3.380000000000000000e+04 -2.095738707789503792e+02
3.390000000000000000e+04 -2.095765715805542300e+02
3.400000000000000000e+04 -2.095791845071790931e+02
3.410000000000000000e+04 -2.095817132545492996e+02
3.420000000000000000e+04 -2.095841612257884208e+02
3.430000000000000000e+04 -2.095865315445965109e+02
3.440000000000000000e+04 -2.095888270668639848e+02
3.450000000000000000e+04 -2.095910503907117004e+02
3.460000000000000000e+04 -2.095932038649244191e+02
3.470000000000000000e+04 -2.095952895957229885e+02
3.480000000000000000e+04 -2.095973094517976847e+02
3.490000000000000000e+04 -2.095992650675032394e+02
3.500000000000000000e+04 -2.096011578440956953e+02
3.510000000000000000e+04 -2.096029889488693527e+02
3.520000000000000000e+04 -2.096047593120365491e+02
3.530000000000000000e+04 -2.096064696211771547e+02
3.540000000000000000e+04 -2.096081203130749202e+02
3.550000000000000000e+04 -2.096097115627543417e+02
3.560000000000000000e+04 -2.096112432695366579e+02
3.570000000000000000e+04 -2.096127150399495918e+02
3.580000000000000000e+04 -2.096141261673576537e+02
3.590000000000000000e+04 -2.096154756082304971e+02
3.600000000000000000e+04 -2.096167619550452343e+02
3.610000000000000000e+04 -2.096179834059308291e+02
3.620000000000000000e+04 -2.096191377313181761e+02
3.630000000000000000e+04 -2.096202222380789237e+02
3.640000000000000000e+04 -2.096212337319398671e+02
3.650000000000000000e+04 -2.096221684793792122e+02
3.660000000000000000e+04 -2.096230221708159149e+02
3.670000000000000000e+04 -2.096237898877670602e+02
3.680000000000000000e+04 -2.096244660779304354e+02
3.690000000000000000e+04 -2.096250445440783210e+02
3.700000000000000000e+04 -2.096255184556073914e+02
3.710000000000000000e+04 -2.096258803962020352e+02
3.720000000000000000e+04 -2.096261224683461819e+02
3.730000000000000000e+04 -2.096262364870171382e+02
3.740000000000000000e+04 -2.096262143135407428e+02
3.750000000000000000e+04 -2.096260484107704656e+02
3.760000000000000000e+04 -2.096257327499430403e+02
3.770000000000000000e+04 -2.096252642802108994e+02
3.780000000000000000e+04 -2.096246453047505724e+02
3.790000000000000000e+04 -2.096238873270330885e+02
3.800000000000000000e+04 -2.096230172935204905e+02
3.810000000000000000e+04 -2.096220877516582846e+02
3.820000000000000000e+04 -2.096211933825977098e+02
3.830000000000000000e+04 -2.096204977584746985e+02
3.840000000000000000e+04 -2.096202758754264437e+02
3.850000000000000000e+04 -2.096209788725454075e+02
3.860000000000000000e+04 -2.096233230307033750e+02
3.870000000000000000e+04 -2.096283837488803670e+02
3.880000000000000000e+04 -2.096376153092277264e+02
3.890000000000000000e+04 -2.096526182971018670e+02
3.900000000000000000e+04 -2.096744746122498100e+02
3.910000000000000000e+04 -2.097028733453795724e+02
3.920000000000000000e+04 -2.097358732308621825e+02
3.930000000000000000e+04 -2.097707882005376803e+02
3.940000000000000000e+04 -2.098053933162914575e+02
3.950000000000000000e+04 -2.098384856569028045e+02
3.960000000000000000e+04 -2.098698001259206478e+02
3.970000000000000000e+04 -2.098997390409077468e+02
3.980000000000000000e+04 -2.099291933470129834e+02
3.990000000000000000e+04 -2.099594991650062639e+02
4.000000000000000000e+04 -2.099924365441623877e+02
4.010000000000000000e+04 -2.100300496886043504e+02
4.020000000000000000e+04 -2.100739986092682443e+02
4.030000000000000000e+04 -2.101245075900579309e+02
4.040000000000000000e+04 -2.101798107062307395e+02
4.050000000000000000e+04 -2.102369401984964838e+02
4.060000000000000000e+04 -2.102931624994093340e+02
4.070000000000000000e+04 -2.103467777748336687e+02
4.080000000000000000e+04 -2.103970809884107496e+02
4.090000000000000000e+04 -2.104439970041495371e+02
4.100000000000000000e+04 -2.104877540644789349e+02
4.110000000000000000e+04 -2.105286832020220231e+02
4.120000000000000000e+04 -2.105671172780102438e+02
4.130000000000000000e+04 -2.106033490157560664e+02
4.140000000000000000e+04 -2.106376193513931980e+02
4.150000000000000000e+04 -2.106701196177442057e+02
4.160000000000000000e+04 -2.107009989838782644e+02
4.170000000000000000e+04 -2.107303730276507849e+02
4.180000000000000000e+04 -2.107583316609108124e+02
4.190000000000000000e+04 -2.107849457963895361e+02
4.200000000000000000e+04 -2.108102726957160939e+02
4.210000000000000000e+04 -2.108343601755935310e+02
4.220000000000000000e+04 -2.108572499377037843e+02
4.230000000000000000e+04 -2.108789803142081496e+02
4.240000000000000000e+04 -2.108995887321163138e+02
4.250000000000000000e+04 -2.109191142259078049e+02
4.260000000000000000e+04 -2.109376003941476085e+02
4.270000000000000000e+04 -2.109550993351328714e+02
4.280000000000000000e+04 -2.109716773612220209e+02
4.290000000000000000e+04 -2.109874237703002677e+02
4.300000000000000000e+04 -2.110024647904327537e+02
4.310000000000000000e+04 -2.110169862103865910e+02
4.320000000000000000e+04 -2.110312703035360755e+02
4.330000000000000000e+04 -2.110457549551018701e+02
4.340000000000000000e+04 -2.110611223418966347e+02
4.350000000000000000e+04 -2.110784104732981348e+02
4.360000000000000000e+04 -2.110990888487505686e+02
4.370000000000000000e+04 -2.111249282200264474e+02
4.380000000000000000e+04 -2.111574182131517432e+02
4.390000000000000000e+04 -2.111967892477854605e+02
4.400000000000000000e+04 -2.112414446797794199e+02
4.410000000000000000e+04 -2.112886144457493742e+02
4.420000000000000000e+04 -2.113356756002309567e+02
4.430000000000000000e+04 -2.113809453813125003e+02
4.440000000000000000e+04 -2.114236812557057306e+02
4.450000000000000000e+04 -2.114637427982839881e+02
4.460000000000000000e+04 -2.115012783708860979e+02
4.470000000000000000e+04 -2.115365342140108567e+02
4.480000000000000000e+04 -2.115697621909036457e+02
4.490000000000000000e+04 -2.116011843675599664e+02
4.500000000000000000e+04 -2.116309849445362374e+02
4.510000000000000000e+04 -2.116593133386690511e+02
4.520000000000000000e+04 -2.116862906541186362e+02
4.530000000000000000e+04 -2.117120162573202151e+02
4.540000000000000000e+04 -2.117365733073062586e+02
4.550000000000000000e+04 -2.117600330220961951e+02
4.560000000000000000e+04 -2.117824578153702078e+02
4.570000000000000000e+04 -2.118039035356642898e+02
4.580000000000000000e+04 -2.118244210354438906e+02
4.590000000000000000e+04 -2.118440572584310644e+02
4.600000000000000000e+04 -2.118628559893517149e+02
4.610000000000000000e+04 -2.118808583714775295e+02
4.620000000000000000e+04 -2.118981032667011277e+02
4.630000000000000000e+04 -2.119146275100268326e+02
4.640000000000000000e+04 -2.119304660939018561e+02
4.650000000000000000e+04 -2.119456523062459041e+02
4.660000000000000000e+04 -2.119602178380555415e+02
4.670000000000000000e+04 -2.119741928710270145e+02
4.680000000000000000e+04 -2.119876061519892119e+02
4.690000000000000000e+04 -2.120004850585082465e+02
4.700000000000000000e+04 -2.120128556584233479e+02
4.710000000000000000e+04 -2.120247427650251382e+02
4.720000000000000000e+04 -2.120361699889134286e+02
4.730000000000000000e+04 -2.120471597871334950e+02
4.740000000000000000e+04 -2.120577335099175116e+02
4.750000000000000000e+04 -2.120679114451841656e+02
4.760000000000000000e+04 -2.120777128608459350e+02
4.770000000000000000e+04 -2.120871560449104436e+02
4.780000000000000000e+04 -2.120962583433310158e+02
4.790000000000000000e+04 -2.121050361955450683e+02
4.800000000000000000e+04 -2.121135051676374701e+02
4.810000000000000000e+04 -2.121216799830733066e+02
4.820000000000000000e+04 -2.121295745509575852e+02
4.830000000000000000e+04 -2.121372019917984630e+02
4.840000000000000000e+04 -2.121445746607743388e+02
4.850000000000000000e+04 -2.121517041685324898e+02
4.860000000000000000e+04 -2.121586013995784583e+02
4.870000000000000000e+04 -2.121652765283462259e+02
4.880000000000000000e+04 -2.121717390330758519e+02
4.890000000000000000e+04 -2.121779977076556634e+02
4.900000000000000000e+04 -2.121840606716177149e+02
4.910000000000000000e+04 -2.121899353784975517e+02
4.920000000000000000e+04 -2.121956286227853923e+02
4.930000000000000000e+04 -2.122011465456949395e+02
4.940000000000000000e+04 -2.122064946399625853e+02
4.950000000000000000e+04 -2.122116777538528822e+02
4.960000000000000000e+04 -2.122167000944877486e+02
4.970000000000000000e+04 -2.122215652305358731e+02
4.980000000000000000e+04 -2.122262760941938495e+02
4.990000000000000000e+04 -2.122308349822696130e+02
5.000000000000000000e+04 -2.122352435560475215e+02
5.010000000000000000e+04 -2.122395028394875851e+02
5.020000000000000000e+04 -2.122436132152078585e+02
5.030000000000000000e+04 -2.122475744176379067e+02
5.040000000000000000e+04 -2.122513855227518604e+02
5.050000000000000000e+04 -2.122550449339166789e+02
5.060000000000000000e+04 -2.122585503636732369e+02
5.070000000000000000e+04 -2.122618988117527579e+02
5.080000000000000000e+04 -2.122650865403645639e+02
5.090000000000000000e+04 -2.122681090488447637e+02
5.100000000000000000e+04 -2.122709610511928702e+02
5.110000000000000000e+04 -2.122736364619419192e+02
5.120000000000000000e+04 -2.122761283983319345e+02
5.130000000000000000e+04 -2.122784292100758989e+02
5.140000000000000000e+04 -2.122805305524268533e+02
5.150000000000000000e+04 -2.122824235242855195e+02
5.160000000000000000e+04 -2.122840989015860487e+02
5.170000000000000000e+04 -2.122855475086705894e+02
5.180000000000000000e+04 -2.122867607893862498e+02
5.190000000000000000e+04 -2.122877316697092169e+02
5.200000000000000000e+04 -2.122884558526407659e+02
5.210000000000000000e+04 -2.122889337675341039e+02
5.220000000000000000e+04 -2.122891735335782073e+02
5.230000000000000000e+04 -2.122891955317708721e+02
5.240000000000000000e+04 -2.122890395809006918e+02
5.250000000000000000e+04 -2.122887763947699398e+02
5.260000000000000000e+04 -2.122885261309386351e+02
5.270000000000000000e+04 -2.122884886227076890e+02
5.280000000000000000e+04 -2.122889923120720539e+02
5.290000000000000000e+04 -2.122905708428796174e+02
5.300000000000000000e+04 -2.122940725353736582e+02
5.310000000000000000e+04 -2.123007823962691987e+02
5.320000000000000000e+04 -2.123124561494741442e+02
5.330000000000000000e+04 -2.123310230511268060e+02
5.340000000000000000e+04 -2.123577097730855030e+02
5.350000000000000000e+04 -2.123919383054277432e+02
5.360000000000000000e+04 -2.124311843740534016e+02
5.370000000000000000e+04 -2.124722418939435897e+02
5.380000000000000000e+04 -2.125126106174545555e+02
5.390000000000000000e+04 -2.125509331514099358e+02
5.400000000000000000e+04 -2.125867247696305924e+02
5.410000000000000000e+04 -2.126199723447463157e+02
5.420000000000000000e+04 -2.126508547779567664e+02
5.430000000000000000e+04 -2.126795983616110846e+02
5.440000000000000000e+04 -2.127064173136302543e+02
5.450000000000000000e+04 -2.127314966575695792e+02
5.460000000000000000e+04 -2.127549924513402289e+02
5.470000000000000000e+04 -2.127770372714046232e+02
5.480000000000000000e+04 -2.127977459898177131e+02
5.490000000000000000e+04 -2.128172202743286903e+02
5.500000000000000000e+04 -2.128355516435944423e+02
5.510000000000000000e+04 -2.128528233725664052e+02
5.520000000000000000e+04 -2.128691116144225361e+02
5.530000000000000000e+04 -2.128844860423404555e+02
5.540000000000000000e+04 -2.128990102260610513e+02
5.550000000000000000e+04 -2.129127418841966346e+02
5.560000000000000000e+04 -2.129257331036130836e+02
5.570000000000000000e+04 -2.129380305912575295e+02
5.580000000000000000e+04 -2.129496760185923563e+02
5.590000000000000000e+04 -2.129607065330042701e+02
5.600000000000000000e+04 -2.129711555466188884e+02
5.610000000000000000e+04 -2.129810539792335931e+02
5.620000000000000000e+04 -2.129904322463073640e+02
5.630000000000000000e+04 -2.129993234779102806e+02
5.640000000000000000e+04 -2.130077687875868264e+02
5.650000000000000000e+04 -2.130158259775344050e+02
5.660000000000000000e+04 -2.130235840216274141e+02
5.670000000000000000e+04 -2.130311872272885694e+02
5.680000000000000000e+04 -2.130388753463756757e+02
5.690000000000000000e+04 -2.130470488621126037e+02
5.700000000000000000e+04 -2.130563699814640302e+02
5.710000000000000000e+04 -2.130679003804343665e+02
5.720000000000000000e+04 -2.130832302254926276e+02
5.730000000000000000e+04 -2.131044258165385372e+02
5.740000000000000000e+04 -2.131334554395217253e+02
5.750000000000000000e+04 -2.131709539785600782e+02
5.760000000000000000e+04 -2.132152186107983312e+02
5.770000000000000000e+04 -2.132628280565111254e+02
5.780000000000000000e+04 -2.133104402646477524e+02
5.790000000000000000e+04 -2.133559469205539472e+02
5.800000000000000000e+04 -2.133984682962098418e+02
5.810000000000000000e+04 -2.134378770610865956e+02
5.820000000000000000e+04 -2.134743885138373116e+02
5.830000000000000000e+04 -2.135083328454036860e+02
5.840000000000000000e+04 -2.135400574707781516e+02
5.850000000000000000e+04 -2.135698968560588185e+02
5.860000000000000000e+04 -2.135981716756108710e+02
5.870000000000000000e+04 -2.136251985570111742e+02
5.880000000000000000e+04 -2.136513017976562310e+02
5.890000000000000000e+04 -2.136768223457689828e+02
5.900000000000000000e+04 -2.137021199003105494e+02
5.910000000000000000e+04 -2.137275632474402300e+02
5.920000000000000000e+04 -2.137535039683494347e+02
5.930000000000000000e+04 -2.137802319620648177e+02
5.940000000000000000e+04 -2.138079197652333789e+02
5.950000000000000000e+04 -2.138365745270404545e+02
5.960000000000000000e+04 -2.138660232689522900e+02
5.970000000000000000e+04 -2.138959480156923405e+02
5.980000000000000000e+04 -2.139259623084905684e+02
5.990000000000000000e+04 -2.139556967536785521e+02
6.000000000000000000e+04 -2.139848588285274218e+02
6.010000000000000000e+04 -2.140132519893581673e+02
6.020000000000000000e+04 -2.140407628064270966e+02
6.030000000000000000e+04 -2.140673360655338229e+02
6.040000000000000000e+04 -2.140929553011241921e+02
6.050000000000000000e+04 -2.141176381502381787e+02
6.060000000000000000e+04 -2.141414494510208897e+02
6.070000000000000000e+04 -2.141645328119454064e+02
6.080000000000000000e+04 -2.141871627842841121e+02
6.090000000000000000e+04 -2.142098220472942387e+02
6.100000000000000000e+04 -2.142333049205283828e+02
6.110000000000000000e+04 -2.142588252370639168e+02
6.120000000000000000e+04 -2.142880370546341169e+02
6.130000000000000000e+04 -2.143227605907969178e+02
6.140000000000000000e+04 -2.143642117888575456e+02
6.150000000000000000e+04 -2.144120267033735274e+02
6.160000000000000000e+04 -2.144640623614806714e+02
6.170000000000000000e+04 -2.145174245902042571e+02
6.180000000000000000e+04 -2.145697342213568390e+02
6.190000000000000000e+04 -2.146196368498266054e+02
6.200000000000000000e+04 -2.146666391473684712e+02
6.210000000000000000e+04 -2.147107573833083620e+02
6.220000000000000000e+04 -2.147522394142932285e+02
6.230000000000000000e+04 -2.147914017735363927e+02
6.240000000000000000e+04 -2.148285499791868460e+02
6.250000000000000000e+04 -2.148639467281426505e+02
6.260000000000000000e+04 -2.148978044441651321e+02
6.270000000000000000e+04 -2.149302888563361478e+02
6.280000000000000000e+04 -2.149615266716415931e+02
6.290000000000000000e+04 -2.149916139799785526e+02
6.300000000000000000e+04 -2.150206239180892567e+02
6.310000000000000000e+04 -2.150486130712403678e+02
6.320000000000000000e+04 -2.150756265448779629e+02
6.330000000000000000e+04 -2.151017018339198046e+02
6.340000000000000000e+04 -2.151268716838389992e+02
6.350000000000000000e+04 -2.151511661430606637e+02
6.360000000000000000e+04 -2.151746139854863600e+02
6.370000000000000000e+04 -2.151972436528089929e+02
6.380000000000000000e+04 -2.152190838370793813e+02
6.390000000000000000e+04 -2.152401637982209195e+02
6.400000000000000000e+04 -2.152605134898481651e+02
6.410000000000000000e+04 -2.152801635496240351e+02
6.420000000000000000e+04 -2.152991451968518390e+02
6.430000000000000000e+04 -2.153174900693394989e+02
6.440000000000000000e+04 -2.153352300231979086e+02
6.450000000000000000e+04 -2.153523969126859754e+02
6.460000000000000000e+04 -2.153690223621628945e+02
6.470000000000000000e+04 -2.153851375384111577e+02
6.480000000000000000e+04 -2.154007729288549626e+02
6.490000000000000000e+04 -2.154159581293564258e+02
6.500000000000000000e+04 -2.154307216441586661e+02
6.510000000000000000e+04 -2.154450907000118320e+02
6.520000000000000000e+04 -2.154590910763960494e+02
6.530000000000000000e+04 -2.154727469538952391e+02
6.540000000000000000e+04 -2.154860807830262956e+02
6.550000000000000000e+04 -2.154991131760535268e+02
6.560000000000000000e+04 -2.155118628244144361e+02
6.570000000000000000e+04 -2.155243464442678203e+02
6.580000000000000000e+04 -2.155365787523128347e+02
6.590000000000000000e+04 -2.155485724734104451e+02
6.600000000000000000e+04 -2.155603383807067530e+02
6.610000000000000000e+04 -2.155718853679622100e+02
6.620000000000000000e+04 -2.155832205527144367e+02
6.630000000000000000e+04 -2.155943494078238700e+02
6.640000000000000000e+04 -2.156052759179515590e+02
6.650000000000000000e+04 -2.156160027566629651e+02
6.660000000000000000e+04 -2.156265314791945400e+02
6.670000000000000000e+04 -2.156368627254988724e+02
6.680000000000000000e+04 -2.156469964280082650e+02
6.690000000000000000e+04 -2.156569320186323182e+02
6.700000000000000000e+04 -2.156666686298031550e+02
6.710000000000000000e+04 -2.156762052848780797e+02
6.720000000000000000e+04 -2.156855410738531873e+02
6.730000000000000000e+04 -2.156946753110897816e+02
6.740000000000000000e+04 -2.157036076725637486e+02
6.750000000000000000e+04 -2.157123383109725125e+02
6.760000000000000000e+04 -2.157208679478415263e+02
6.770000000000000000e+04 -2.157291979425299928e+02
6.780000000000000000e+04 -2.157373303387217902e+02
6.790000000000000000e+04 -2.157452678895753877e+02
6.800000000000000000e+04 -2.157530140631870950e+02
6.810000000000000000e+04 -2.157605730303814653e+02
6.820000000000000000e+04 -2.157679496370824381e+02
6.830000000000000000e+04 -2.157751493636533269e+02
6.840000000000000000e+04 -2.157821782736363616e+02
6.850000000000000000e+04 -2.157890429543060691e+02
6.860000000000000000e+04 -2.157957504513935589e+02
6.870000000000000000e+04 -2.158023082002760020e+02
6.880000000000000000e+04 -2.158087239558532531e+02
6.890000000000000000e+04 -2.158150057232709571e+02
6.900000000000000000e+04 -2.158211616915637023e+02
6.910000000000000000e+04 -2.158272001721683750e+02
6.920000000000000000e+04 -2.158331295440540885e+02
6.930000000000000000e+04 -2.158389582069006849e+02
6.940000000000000000e+04 -2.158446945433043709e+02
6.950000000000000000e+04 -2.158503468903915632e+02
6.960000000000000000e+04 -2.158559235205024152e+02
6.970000000000000000e+04 -2.158614326298055062e+02
6.980000000000000000e+04 -2.158668823329060160e+02
6.990000000000000000e+04 -2.158722806607995324e+02
7.000000000000000000e+04 -2.158776355589985201e+02
7.010000000000000000e+04 -2.158829548824028848e+02
7.020000000000000000e+04 -2.158882463835612384e+02
7.030000000000000000e+04 -2.158935176913906275e+02
7.040000000000000000e+04 -2.158987762781691799e+02
7.050000000000000000e+04 -2.159040294136275406e+02
7.060000000000000000e+04 -2.159092841061385002e+02
7.070000000000000000e+04 -2.159145470322281426e+02
7.080000000000000000e+04 -2.159198244567833740e+02
7.090000000000000000e+04 -2.159251221472934787e+02
7.100000000000000000e+04 -2.159304452861497907e+02
7.110000000000000000e+04 -2.159357983853719247e+02
7.120000000000000000e+04 -2.159411852081024676e+02
7.130000000000000000e+04 -2.159466087008284205e+02
7.140000000000000000e+04 -2.159520709395806080e+02
7.150000000000000000e+04 -2.159575730924111667e+02
7.160000000000000000e+04 -2.159631153993365160e+02
7.170000000000000000e+04 -2.159686971697633169e+02
7.180000000000000000e+04 -2.159743167962843984e+02
7.190000000000000000e+04 -2.159799717827300185e+02
7.200000000000000000e+04 -2.159856587835512585e+02
7.210000000000000000e+04 -2.159913736510468141e+02
7.220000000000000000e+04 -2.159971114866405628e+02
7.230000000000000000e+04 -2.160028666923709579e+02
7.240000000000000000e+04 -2.160086330189540149e+02
7.250000000000000000e+04 -2.160144036072003075e+02
7.260000000000000000e+04 -2.160201710201885135e+02
7.270000000000000000e+04 -2.160259272644269686e+02
7.280000000000000000e+04 -2.160316637993092854e+02
7.290000000000000000e+04 -2.160373715356112712e+02
7.300000000000000000e+04 -2.160430408258035015e+02
7.310000000000000000e+04 -2.160486614519760451e+02
7.320000000000000000e+04 -2.160542226218616406e+02
7.330000000000000000e+04 -2.160597129909017156e+02
7.340000000000000000e+04 -2.160651207402919169e+02
7.350000000000000000e+04 -2.160704337602914507e+02
7.360000000000000000e+04 -2.160756400193516242e+02
7.370000000000000000e+04 -2.160807282503334932e+02
7.380000000000000000e+04 -2.160856891678668035e+02
7.390000000000000000e+04 -2.160905175673907479e+02
7.400000000000000000e+04 -2.160952158840795505e+02
7.410000000000000000e+04 -2.160998001734984086e+02
7.420000000000000000e+04 -2.161043101248288849e+02
7.430000000000000000e+04 -2.161088258042640291e+02
7.440000000000000000e+04 -2.161134955762046559e+02
7.450000000000000000e+04 -2.161185821818267243e+02
7.460000000000000000e+04 -2.161245365576479571e+02
7.470000000000000000e+04 -2.161321076589015604e+02
7.480000000000000000e+04 -2.161424776546914757e+02
7.490000000000000000e+04 -2.161573433066193104e+02
7.500000000000000000e+04 -2.161787186106426759e+02
7.510000000000000000e+04 -2.162081498685053589e+02
7.520000000000000000e+04 -2.162455054046543523e+02
7.530000000000000000e+04 -2.162885071455835941e+02
7.540000000000000000e+04 -2.163338678493688008e+02
7.550000000000000000e+04 -2.163789494419039556e+02
7.560000000000000000e+04 -2.164225242116261825e+02
7.570000000000000000e+04 -2.164646655706685578e+02
7.580000000000000000e+04 -2.165064201939669886e+02
7.590000000000000000e+04 -2.165495631252651378e+02
7.600000000000000000e+04 -2.165963091613754727e+02
7.610000000000000000e+04 -2.166486399006805357e+02
7.620000000000000000e+04 -2.167071728879491275e+02
7.630000000000000000e+04 -2.167704035642884151e+02
7.640000000000000000e+04 -2.168353684776254795e+02
7.650000000000000000e+04 -2.168991971069958140e+02
7.660000000000000000e+04 -2.169600841489557013e+02
7.670000000000000000e+04 -2.170173054644133686e+02
7.680000000000000000e+04 -2.170708217784730039e+02
7.690000000000000000e+04 -2.171209098960622441e+02
7.700000000000000000e+04 -2.171679383320993111e+02
7.710000000000000000e+04 -2.172122600041580540e+02
7.720000000000000000e+04 -2.172541732827066596e+02
7.730000000000000000e+04 -2.172939164123840214e+02
7.740000000000000000e+04 -2.173316754729593185e+02
7.750000000000000000e+04 -2.173675960395246420e+02
7.760000000000000000e+04 -2.174017942597589865e+02
7.770000000000000000e+04 -2.174343658617308392e+02
7.780000000000000000e+04 -2.174653928811002856e+02
7.790000000000000000e+04 -2.174949483988932286e+02
7.800000000000000000e+04 -2.175230997188247670e+02
7.810000000000000000e+04 -2.175499103960327432e+02
7.820000000000000000e+04 -2.175754414582243328e+02
7.830000000000000000e+04 -2.175997520808141985e+02
7.840000000000000000e+04 -2.176228999073387058e+02
7.850000000000000000e+04 -2.176449411502494513e+02
7.860000000000000000e+04 -2.176659305647656026e+02
7.870000000000000000e+04 -2.176859213575740455e+02
7.880000000000000000e+04 -2.177049650702599024e+02
7.890000000000000000e+04 -2.177231114621425832e+02
7.900000000000000000e+04 -2.177404084068458587e+02
7.910000000000000000e+04 -2.177569018100396079e+02
7.920000000000000000e+04 -2.177726355513165686e+02
7.930000000000000000e+04 -2.177876514503645637e+02
7.940000000000000000e+04 -2.178019892559247523e+02
7.950000000000000000e+04 -2.178156866551172186e+02
7.960000000000000000e+04 -2.178287793003060244e+02
7.970000000000000000e+04 -2.178413008505850144e+02
7.980000000000000000e+04 -2.178532830250695440e+02
7.990000000000000000e+04 -2.178647556653983770e+02
8.000000000000000000e+04 -2.178757468051252602e+02
8.010000000000000000e+04 -2.178862827439773469e+02
8.020000000000000000e+04 -2.178963881252543615e+02
8.030000000000000000e+04 -2.179060860149247674e+02
8.040000000000000000e+04 -2.179153979812317630e+02
8.050000000000000000e+04 -2.179243441738547062e+02
8.060000000000000000e+04 -2.179329434018711140e+02
8.070000000000000000e+04 -2.179412132099351425e+02
8.080000000000000000e+04 -2.179491699522304486e+02
8.090000000000000000e+04 -2.179568288638650699e+02
8.100000000000000000e+04 -2.179642041294603132e+02
8.110000000000000000e+04 -2.179713089487423190e+02
8.120000000000000000e+04 -2.179781555989737853e+02
8.130000000000000000e+04 -2.179847554940696455e+02
8.140000000000000000e+04 -2.179911192402228437e+02
8.150000000000000000e+04 -2.179972566878272460e+02
8.160000000000000000e+04 -2.180031769794262004e+02
8.170000000000000000e+04 -2.180088885933427321e+02
8.180000000000000000e+04 -2.180143993825582243e+02
8.190000000000000000e+04 -2.180197166083180491e+02
8.200000000000000000e+04 -2.180248469678458605e+02
8.210000000000000000e+04 -2.180297966154684559e+02
8.220000000000000000e+04 -2.180345711763914380e+02
8.230000000000000000e+04 -2.180391757523456135e+02
8.240000000000000000e+04 -2.180436149183674388e+02
8.250000000000000000e+04 -2.180478927101171109e+02
8.260000000000000000e+04 -2.180520126014244227e+02
8.270000000000000000e+04 -2.180559774722578936e+02
8.280000000000000000e+04 -2.180597895681437421e+02
8.290000000000000000e+04 -2.180634504533843483e+02
8.300000000000000000e+04 -2.180669609624996781e+02
8.310000000000000000e+04 -2.180703211575431624e+02
8.320000000000000000e+04 -2.180735303039681980e+02
8.330000000000000000e+04 -2.180765868855816052e+02
8.340000000000000000e+04 -2.180794886914923723e+02
8.350000000000000000e+04 -2.180822330276223511e+02
8.360000000000000000e+04 -2.180848171369094075e+02
8.370000000000000000e+04 -2.180872389635933644e+02
8.380000000000000000e+04 -2.180894984811698691e+02
8.390000000000000000e+04 -2.180915999433042316e+02
8.400000000000000000e+04 -2.180935556505402246e+02
8.410000000000000000e+04 -2.180953922170388353e+02
8.420000000000000000e+04 -2.180971609735615857e+02
8.430000000000000000e+04 -2.180989552052706699e+02
8.440000000000000000e+04 -2.181009385603750275e+02
8.450000000000000000e+04 -2.181033911549519644e+02
8.460000000000000000e+04 -2.181067816463112763e+02
8.470000000000000000e+04 -2.181118704659344587e+02
8.480000000000000000e+04 -2.181198280406411811e+02
8.490000000000000000e+04 -2.181322841518327778e+02
8.500000000000000000e+04 -2.181510971756945594e+02
8.510000000000000000e+04 -2.181775939182020920e+02
8.520000000000000000e+04 -2.182114972715863814e+02
8.530000000000000000e+04 -2.182505813259484171e+02
8.540000000000000000e+04 -2.182917004028325607e+02
8.550000000000000000e+04 -2.183322030047305304e+02
8.560000000000000000e+04 -2.183705487615932270e+02
8.570000000000000000e+04 -2.184061517415256901e+02
8.580000000000000000e+04 -2.184389950535399123e+02
8.590000000000000000e+04 -2.184693227389722665e+02
8.600000000000000000e+04 -2.184974596369067967e+02
8.610000000000000000e+04 -2.185237236135805006e+02
8.620000000000000000e+04 -2.185483904755409981e+02
8.630000000000000000e+04 -2.185716853940771784e+02
8.640000000000000000e+04 -2.185937861875416388e+02
8.650000000000000000e+04 -2.186148309268151309e+02
8.660000000000000000e+04 -2.186349262703640761e+02
8.670000000000000000e+04 -2.186541549946752525e+02
8.680000000000000000e+04 -2.186725822089872224e+02
8.690000000000000000e+04 -2.186902602181917814e+02
8.700000000000000000e+04 -2.187072321927834651e+02
8.710000000000000000e+04 -2.187235348630630369e+02
8.720000000000000000e+04 -2.187392004510392098e+02
8.730000000000000000e+04 -2.187542580252392668e+02
8.740000000000000000e+04 -2.187687344290422118e+02
8.750000000000000000e+04 -2.187826549002427328e+02
8.760000000000000000e+04 -2.187960434713671134e+02
8.770000000000000000e+04 -2.188089232174443453e+02
8.780000000000000000e+04 -2.188213164000971460e+02
8.790000000000000000e+04 -2.188332445431963151e+02
8.800000000000000000e+04 -2.188447284651099096e+02
8.810000000000000000e+04 -2.188557882850266765e+02
8.820000000000000000e+04 -2.188664434153225216e+02
8.830000000000000000e+04 -2.188767125479684239e+02
8.840000000000000000e+04 -2.188866136401540246e+02
8.850000000000000000e+04 -2.188961639023220300e+02
8.860000000000000000e+04 -2.189053797904459771e+02
8.870000000000000000e+04 -2.189142770034644627e+02
8.880000000000000000e+04 -2.189228704861800452e+02
8.890000000000000000e+04 -2.189311744375445130e+02
8.900000000000000000e+04 -2.189392023240143601e+02
8.910000000000000000e+04 -2.189469668975197578e+02
8.920000000000000000e+04 -2.189544802175097971e+02
8.930000000000000000e+04 -2.189617536764897636e+02
8.940000000000000000e+04 -2.189687980284372202e+02
8.950000000000000000e+04 -2.189756234194584863e+02
8.960000000000000000e+04 -2.189822394200200506e+02
8.970000000000000000e+04 -2.189886550580585833e+02
8.980000000000000000e+04 -2.189948788522365817e+02
8.990000000000000000e+04 -2.190009188445706627e+02
9.000000000000000000e+04 -2.190067826316203252e+02
9.010000000000000000e+04 -2.190124773933882523e+02
9.020000000000000000e+04 -2.190180099190615692e+02
9.030000000000000000e+04 -2.190233866287147748e+02
9.040000000000000000e+04 -2.190286135901139062e+02
9.050000000000000000e+04 -2.190336965298162681e+02
9.060000000000000000e+04 -2.190386408378538476e+02
9.070000000000000000e+04 -2.190434515654413588e+02
9.080000000000000000e+04 -2.190481334153616046e+02
9.090000000000000000e+04 -2.190526907249612805e+02
9.100000000000000000e+04 -2.190571274420477437e+02
9.110000000000000000e+04 -2.190614470943963283e+02
9.120000000000000000e+04 -2.190656527540554919e+02
9.130000000000000000e+04 -2.190697469981395216e+02
9.140000000000000000e+04 -2.190737318682890020e+02
9.150000000000000000e+04 -2.190776088314016476e+02
9.160000000000000000e+04 -2.190813787445347032e+02
9.170000000000000000e+04 -2.190850418269910733e+02
9.180000000000000000e+04 -2.190885976424988826e+02
9.190000000000000000e+04 -2.190920450940799071e+02
9.200000000000000000e+04 -2.190953824337765923e+02
9.210000000000000000e+04 -2.190986072890715946e+02
9.220000000000000000e+04 -2.191017167079641013e+02
9.230000000000000000e+04 -2.191047072258535309e+02
9.240000000000000000e+04 -2.191075749604976011e+02
9.250000000000000000e+04 -2.191103157476313186e+02
9.260000000000000000e+04 -2.191129253411808406e+02
9.270000000000000000e+04 -2.191153997210829516e+02
9.280000000000000000e+04 -2.191177355826779660e+02
9.290000000000000000e+04 -2.191199311312277018e+02
9.300000000000000000e+04 -2.191219873848855002e+02
9.310000000000000000e+04 -2.191239103200736054e+02
9.320000000000000000e+04 -2.191257144124741671e+02
9.330000000000000000e+04 -2.191274285038379048e+02
9.340000000000000000e+04 -2.191291055831051722e+02
9.350000000000000000e+04 -2.191308392174560709e+02
9.360000000000000000e+04 -2.191327913049197207e+02
9.370000000000000000e+04 -2.191352387999651512e+02
9.380000000000000000e+04 -2.191386505634841910e+02
9.390000000000000000e+04 -2.191438055319300702e+02
9.400000000000000000e+04 -2.191519450869544983e+02
9.410000000000000000e+04 -2.191648780424542622e+02
9.420000000000000000e+04 -2.191847861276730498e+02
9.430000000000000000e+04 -2.192133585899101718e+02
9.440000000000000000e+04 -2.192504127721567784e+02
9.450000000000000000e+04 -2.192933589196214825e+02
9.460000000000000000e+04 -2.193384973668723887e+02
9.470000000000000000e+04 -2.193828065830082892e+02
9.480000000000000000e+04 -2.194246141571846636e+02
9.490000000000000000e+04 -2.194633028850521441e+02
9.500000000000000000e+04 -2.194988274963300228e+02
9.510000000000000000e+04 -2.195313881604606365e+02
9.520000000000000000e+04 -2.195612663779343734e+02
9.530000000000000000e+04 -2.195887536245975014e+02
9.540000000000000000e+04 -2.196141229462924116e+02
9.550000000000000000e+04 -2.196376189375581589e+02
9.560000000000000000e+04 -2.196594555692969948e+02
9.570000000000000000e+04 -2.196798174716907397e+02
9.580000000000000000e+04 -2.196988627289063629e+02
9.590000000000000000e+04 -2.197167262301728101e+02
9.600000000000000000e+04 -2.197335230675732305e+02
9.610000000000000000e+04 -2.197493517075495788e+02
9.620000000000000000e+04 -2.197642968044459622e+02
9.630000000000000000e+04 -2.197784316115273384e+02
9.640000000000000000e+04 -2.197918199965927784e+02
9.650000000000000000e+04 -2.198045180971177501e+02
9.660000000000000000e+04 -2.198165756620902869e+02
9.670000000000000000e+04 -2.198280371303718539e+02
9.680000000000000000e+04 -2.198389424927048879e+02
9.690000000000000000e+04 -2.198493279791647694e+02
9.700000000000000000e+04 -2.198592266076194619e+02
9.710000000000000000e+04 -2.198686686225860853e+02
9.720000000000000000e+04 -2.198776818482597264e+02
9.730000000000000000e+04 -2.198862919746434272e+02
9.740000000000000000e+04 -2.198945227916627516e+02
9.750000000000000000e+04 -2.199023963828571482e+02
9.760000000000000000e+04 -2.199099332876078847e+02
9.770000000000000000e+04 -2.199171526387895597e+02
9.780000000000000000e+04 -2.199240722811140927e+02
9.790000000000000000e+04 -2.199307088741892358e+02
9.800000000000000000e+04 -2.199370779833544418e+02
9.810000000000000000e+04 -2.199431941606294458e+02
9.820000000000000000e+04 -2.199490710175558661e+02
9.830000000000000000e+04 -2.199547212912970622e+02
9.840000000000000000e+04 -2.199601569050462899e+02
9.850000000000000000e+04 -2.199653890235589131e+02
9.860000000000000000e+04 -2.199704281044485299e+02
9.870000000000000000e+04 -2.199752839457539721e+02
9.880000000000000000e+04 -2.199799657301877005e+02
9.890000000000000000e+04 -2.199844820664002611e+02
9.900000000000000000e+04 -2.199888410275397348e+02
9.910000000000000000e+04 -2.199930501873434139e+02
9.920000000000000000e+04 -2.199971166539643264e+02
9.930000000000000000e+04 -2.200010471017101850e+02
9.940000000000000000e+04 -2.200048478008511097e+02
9.950000000000000000e+04 -2.200085246456346795e+02
9.960000000000000000e+04 -2.200120831806326294e+02
9.970000000000000000e+04 -2.200155286255309761e+02
9.980000000000000000e+04 -2.200188658984630763e+02
9.990000000000000000e+04 -2.200220996379758276e+02
1.000000000000000000e+05 -2.200252342237095604e+02
