# timestep f
0.000000000000000000e+00 -1.402476237704124218e+00
1.000000000000000000e+02 -2.476204922143387666e-01
2.000000000000000000e+02 -3.086654126925799102e-01
3.000000000000000000e+02 -4.298930148872550649e-01
4.000000000000000000e+02 -6.250327952244518759e-01
5.000000000000000000e+02 -9.293252150198918482e-01
6.000000000000000000e+02 -1.399881188838610235e+00
7.000000000000000000e+02 -2.123952371994410449e+00
8.000000000000000000e+02 -3.230424456942806444e+00
9.000000000000000000e+02 -4.901836563481722031e+00
1.000000000000000000e+03 -7.380920043847993384e+00
1.100000000000000000e+03 -1.096028735558936695e+01
1.200000000000000000e+03 -1.594011332516676482e+01
1.300000000000000000e+03 -2.254437397004747012e+01
1.400000000000000000e+03 -3.080927485915316311e+01
1.500000000000000000e+03 -4.049219652434315719e+01
1.600000000000000000e+03 -5.106675292905794805e+01
1.700000000000000000e+03 -6.183598160366629770e+01
1.800000000000000000e+03 -7.212021573403282559e+01
1.900000000000000000e+03 -8.142406170061468629e+01
2.000000000000000000e+03 -8.950921565869155927e+01
2.100000000000000000e+03 -9.636665410886409688e+01
2.200000000000000000e+03 -1.021311579544012034e+02
2.300000000000000000e+03 -1.069909775129385281e+02
2.400000000000000000e+03 -1.111277066006438332e+02
2.500000000000000000e+03 -1.146928297912331089e+02
2.600000000000000000e+03 -1.178060307062917218e+02
2.700000000000000000e+03 -1.205600949251704890e+02
2.800000000000000000e+03 -1.230267631655111842e+02
2.900000000000000000e+03 -1.252619942875135735e+02
3.000000000000000000e+03 -1.273098213503946283e+02
3.100000000000000000e+03 -1.292050311808997094e+02
3.200000000000000000e+03 -1.309752971155324417e+02
3.300000000000000000e+03 -1.326426343316133227e+02
3.400000000000000000e+03 -1.342235527693184167e+02
3.500000000000000000e+03 -1.357287494678164421e+02
3.600000000000000000e+03 -1.371644848397863541e+02
3.700000000000000000e+03 -1.385352303981049431e+02
3.800000000000000000e+03 -1.398453631742931975e+02
3.900000000000000000e+03 -1.410993630782380706e+02
4.000000000000000000e+03 -1.423011497694856757e+02
4.100000000000000000e+03 -1.434536472560116636e+02
4.200000000000000000e+03 -1.445590728644289129e+02
4.300000000000000000e+03 -1.456195988542888244e+02
4.400000000000000000e+03 -1.466378358692869313e+02
4.500000000000000000e+03 -1.476168547870410634e+02
4.600000000000000000e+03 -1.485598241884753747e+02
4.700000000000000000e+03 -1.494695979595086897e+02
4.800000000000000000e+03 -1.503485746017528299e+02
4.900000000000000000e+03 -1.511988312220401554e+02
5.000000000000000000e+03 -1.520222697325409058e+02
5.100000000000000000e+03 -1.528206165677568720e+02
5.200000000000000000e+03 -1.535953689007188530e+02
5.300000000000000000e+03 -1.543478549921922252e+02
5.400000000000000000e+03 -1.550794076961383325e+02
5.500000000000000000e+03 -1.557914349790202380e+02
5.600000000000000000e+03 -1.564852584962318360e+02
5.700000000000000000e+03 -1.571619153115539405e+02
5.800000000000000000e+03 -1.578222117181296937e+02
5.900000000000000000e+03 -1.584670888725661086e+02
6.000000000000000000e+03 -1.590981429575456048e+02
6.100000000000000000e+03 -1.597182064514270223e+02
6.200000000000000000e+03 -1.603321887318985546e+02
6.300000000000000000e+03 -1.609480461056723470e+02
6.400000000000000000e+03 -1.615745934468067162e+02
6.500000000000000000e+03 -1.622113857434005695e+02
6.600000000000000000e+03 -1.628445454815388871e+02
6.700000000000000000e+03 -1.634606794136898316e+02
6.800000000000000000e+03 -1.640543659905069376e+02
6.900000000000000000e+03 -1.646249741165715648e+02
7.000000000000000000e+03 -1.651737387716516423e+02
7.100000000000000000e+03 -1.657025581496295672e+02
7.200000000000000000e+03 -1.662134637441359359e+02
7.300000000000000000e+03 -1.667083574790129887e+02
7.400000000000000000e+03 -1.671888931569740748e+02
7.500000000000000000e+03 -1.676564445110512622e+02
7.600000000000000000e+03 -1.681121214101444252e+02
7.700000000000000000e+03 -1.685567997255489843e+02
7.800000000000000000e+03 -1.689911335385395148e+02
7.900000000000000000e+03 -1.694155443239208978e+02
8.000000000000000000e+03 -1.698302208539648177e+02
8.100000000000000000e+03 -1.702351713951071588e+02
8.200000000000000000e+03 -1.706303323810095947e+02
8.300000000000000000e+03 -1.710156940233779039e+02
8.400000000000000000e+03 -1.713913918368122609e+02
8.500000000000000000e+03 -1.717577328933736283e+02
8.600000000000000000e+03 -1.721151553236555003e+02
8.700000000000000000e+03 -1.724641445166541587e+02
8.800000000000000000e+03 -1.728051425036204591e+02
8.900000000000000000e+03 -1.731384834317255184e+02
9.000000000000000000e+03 -1.734643709162145342e+02
9.100000000000000000e+03 -1.737828942267684624e+02
9.200000000000000000e+03 -1.740940690462386158e+02
9.300000000000000000e+03 -1.743978852673115796e+02
9.400000000000000000e+03 -1.746943465559537572e+02
9.500000000000000000e+03 -1.749834937445617697e+02
9.600000000000000000e+03 -1.752654142769574150e+02
9.700000000000000000e+03 -1.755402466754050295e+02
9.800000000000000000e+03 -1.758081873119331249e+02
9.900000000000000000e+03 -1.760694989571154565e+02
1.000000000000000000e+04 -1.763245148375606277e+02
1.010000000000000000e+04 -1.765736337282782245e+02
1.020000000000000000e+04 -1.768173081159468722e+02
1.030000000000000000e+04 -1.770560317903227201e+02
1.040000000000000000e+04 -1.772903318708926008e+02
1.050000000000000000e+04 -1.775207650212088595e+02
1.060000000000000000e+04 -1.777479122168908816e+02
1.070000000000000000e+04 -1.779723637144622330e+02
1.080000000000000000e+04 -1.781946871423198502e+02
1.090000000000000000e+04 -1.784153774345840588e+02
1.100000000000000000e+04 -1.786347966973959274e+02
1.110000000000000000e+04 -1.788531204066055125e+02
1.120000000000000000e+04 -1.790703071185826900e+02
1.130000000000000000e+04 -1.792861019237697349e+02
1.140000000000000000e+04 -1.795000764768132626e+02
1.150000000000000000e+04 -1.797117027222068657e+02
1.160000000000000000e+04 -1.799204476711075245e+02
1.170000000000000000e+04 -1.801258653768707063e+02
1.180000000000000000e+04 -1.803276612475312390e+02
1.190000000000000000e+04 -1.805257152371294751e+02
1.200000000000000000e+04 -1.807200654050108710e+02
1.210000000000000000e+04 -1.809108647016070677e+02
1.220000000000000000e+04 -1.810983294791299727e+02
1.230000000000000000e+04 -1.812826978022562230e+02
1.240000000000000000e+04 -1.814642101552527151e+02
1.250000000000000000e+04 -1.816431169403946910e+02
1.260000000000000000e+04 -1.818197086372298372e+02
1.270000000000000000e+04 -1.819943572610745264e+02
1.280000000000000000e+04 -1.821675524527196046e+02
1.290000000000000000e+04 -1.823399115941460025e+02
1.300000000000000000e+04 -1.825121406999570581e+02
1.310000000000000000e+04 -1.826849270749295897e+02
1.320000000000000000e+04 -1.828587692063684358e+02
1.330000000000000000e+04 -1.830337994173617915e+02
1.340000000000000000e+04 -1.832096975652195852e+02
1.350000000000000000e+04 -1.833857679623156400e+02
1.360000000000000000e+04 -1.835611502959396830e+02
1.370000000000000000e+04 -1.837350491528985970e+02
1.380000000000000000e+04 -1.839068765577212048e+02
1.390000000000000000e+04 -1.840762794586644873e+02
1.400000000000000000e+04 -1.842430891853385333e+02
1.410000000000000000e+04 -1.844072460190774621e+02
1.420000000000000000e+04 -1.845687354895609360e+02
1.430000000000000000e+04 -1.847275510520092894e+02
1.440000000000000000e+04 -1.848836830732574299e+02
1.450000000000000000e+04 -1.850371265846956703e+02
1.460000000000000000e+04 -1.851878971690968001e+02
1.470000000000000000e+04 -1.853360447554194934e+02
1.480000000000000000e+04 -1.854816588676892479e+02
1.490000000000000000e+04 -1.856248640898581357e+02
1.500000000000000000e+04 -1.857658083081753944e+02
1.510000000000000000e+04 -1.859046475785231110e+02
1.520000000000000000e+04 -1.860415312365147997e+02
1.530000000000000000e+04 -1.861765902727522644e+02
1.540000000000000000e+04 -1.863099311572431986e+02
1.550000000000000000e+04 -1.864416358967450265e+02
1.560000000000000000e+04 -1.865717673222357575e+02
1.570000000000000000e+04 -1.867003771649105204e+02
1.580000000000000000e+04 -1.868275140483788732e+02
1.590000000000000000e+04 -1.869532291820822252e+02
1.600000000000000000e+04 -1.870775788227533667e+02
1.610000000000000000e+04 -1.872006238467870958e+02
1.620000000000000000e+04 -1.873224275856956069e+02
1.630000000000000000e+04 -1.874430532510553178e+02
1.640000000000000000e+04 -1.875625619063228555e+02
1.650000000000000000e+04 -1.876810112981194152e+02
1.660000000000000000e+04 -1.877984552796634432e+02
1.670000000000000000e+04 -1.879149433290744469e+02
1.680000000000000000e+04 -1.880305198964519207e+02
1.690000000000000000e+04 -1.881452239236791115e+02
1.700000000000000000e+04 -1.882590897245526662e+02
1.710000000000000000e+04 -1.883721514967294013e+02
1.720000000000000000e+04 -1.884844553842542325e+02
1.730000000000000000e+04 -1.885960859029561334e+02
1.740000000000000000e+04 -1.887072186894031347e+02
1.750000000000000000e+04 -1.888182200946430100e+02
1.760000000000000000e+04 -1.889298260685360447e+02
1.770000000000000000e+04 -1.890434394602058603e+02
1.780000000000000000e+04 -1.891615392857307256e+02
1.790000000000000000e+04 -1.892879333477407613e+02
1.800000000000000000e+04 -1.894268655649567563e+02
1.810000000000000000e+04 -1.895797609394805363e+02
1.820000000000000000e+04 -1.897421051125707550e+02
1.830000000000000000e+04 -1.899061145122585685e+02
1.840000000000000000e+04 -1.900661409304607616e+02
1.850000000000000000e+04 -1.902199786540159039e+02
1.860000000000000000e+04 -1.903673215340417642e+02
1.870000000000000000e+04 -1.905084760901011123e+02
1.880000000000000000e+04 -1.906438712811831238e+02
1.890000000000000000e+04 -1.907739496149707747e+02
1.900000000000000000e+04 -1.908991561627695432e+02
1.910000000000000000e+04 -1.910199349927439698e+02
1.920000000000000000e+04 -1.911367201771254258e+02
1.930000000000000000e+04 -1.912499255550440864e+02
1.940000000000000000e+04 -1.913599369413454099e+02
1.950000000000000000e+04 -1.914671078107467110e+02
1.960000000000000000e+04 -1.915717579372278578e+02
1.970000000000000000e+04 -1.916741739825778268e+02
1.980000000000000000e+04 -1.917746110939020809e+02
1.990000000000000000e+04 -1.918732948355934695e+02
2.000000000000000000e+04 -1.919704230761234669e+02
2.010000000000000000e+04 -1.920661677078205969e+02
2.020000000000000000e+04 -1.921606762717601953e+02
2.030000000000000000e+04 -1.922540736662970176e+02
2.040000000000000000e+04 -1.923464641125631829e+02
2.050000000000000000e+04 -1.924379334335283431e+02
2.060000000000000000e+04 -1.925285515274885029e+02
2.070000000000000000e+04 -1.926183747831939570e+02
2.080000000000000000e+04 -1.927074481889487458e+02
2.090000000000000000e+04 -1.927958070515543909e+02
2.100000000000000000e+04 -1.928834784737330494e+02
2.110000000000000000e+04 -1.929704828897237121e+02
2.120000000000000000e+04 -1.930568359158373823e+02
2.130000000000000000e+04 -1.931425505429581051e+02
2.140000000000000000e+04 -1.932276394068042009e+02
2.150000000000000000e+04 -1.933121166809232250e+02
2.160000000000000000e+04 -1.933959991440426904e+02
2.170000000000000000e+04 -1.934793061639444716e+02
2.180000000000000000e+04 -1.935620586202917082e+02
2.190000000000000000e+04 -1.936442770499445203e+02
2.200000000000000000e+04 -1.937259794637408561e+02
2.210000000000000000e+04 -1.938071793194400527e+02
2.220000000000000000e+04 -1.938878840437508302e+02
2.230000000000000000e+04 -1.939680943157117667e+02
2.240000000000000000e+04 -1.940478041300924588e+02
2.250000000000000000e+04 -1.941270015423353925e+02
2.260000000000000000e+04 -1.942056700028271337e+02
2.270000000000000000e+04 -1.942837902726041648e+02
2.280000000000000000e+04 -1.943613429524743026e+02
2.290000000000000000e+04 -1.944383115471662222e+02
2.300000000000000000e+04 -1.945146857388529327e+02
2.310000000000000000e+04 -1.945904643035567574e+02
2.320000000000000000e+04 -1.946656570376056834e+02
2.330000000000000000e+04 -1.947402852316035364e+02
2.340000000000000000e+04 -1.948143805538379070e+02
2.350000000000000000e+04 -1.948879825328001800e+02
2.360000000000000000e+04 -1.949611350483968408e+02
2.370000000000000000e+04 -1.950338823313634862e+02
2.380000000000000000e+04 -1.951062649707199057e+02
2.390000000000000000e+04 -1.951783163868157089e+02
2.400000000000000000e+04 -1.952500601619344138e+02
2.410000000000000000e+04 -1.953215085272910869e+02
2.420000000000000000e+04 -1.953926621813678253e+02
2.430000000000000000e+04 -1.954635114725040239e+02
2.440000000000000000e+04 -1.955340388369999118e+02
2.450000000000000000e+04 -1.956042222482568889e+02
2.460000000000000000e+04 -1.956740392969984441e+02
2.470000000000000000e+04 -1.957434713970808389e+02
2.480000000000000000e+04 -1.958125075385138132e+02
2.490000000000000000e+04 -1.958811470421114223e+02
2.500000000000000000e+04 -1.959494009244950234e+02
2.510000000000000000e+04 -1.960172917139325932e+02
2.520000000000000000e+04 -1.960848517901717400e+02
2.530000000000000000e+04 -1.961521204966406913e+02
2.540000000000000000e+04 -1.962191403798623810e+02
2.550000000000000000e+04 -1.962859529735335116e+02
2.560000000000000000e+04 -1.963525945906046957e+02
2.570000000000000000e+04 -1.964190926167770215e+02
2.580000000000000000e+04 -1.964854627831845448e+02
2.590000000000000000e+04 -1.965517077955761920e+02
2.600000000000000000e+04 -1.966178174990056959e+02
2.610000000000000000e+04 -1.966837704985540256e+02
2.620000000000000000e+04 -1.967495369174591247e+02
2.630000000000000000e+04 -1.968150818325227078e+02
2.640000000000000000e+04 -1.968803689124265759e+02
2.650000000000000000e+04 -1.969453638649450227e+02
2.660000000000000000e+04 -1.970100374092315576e+02
2.670000000000000000e+04 -1.970743675785514597e+02
2.680000000000000000e+04 -1.971383412147457648e+02
2.690000000000000000e+04 -1.972019545561943801e+02
2.700000000000000000e+04 -1.972652128696428235e+02
2.710000000000000000e+04 -1.973281291450359731e+02
2.720000000000000000e+04 -1.973907219604253669e+02
2.730000000000000000e+04 -1.974530127235117618e+02
2.740000000000000000e+04 -1.975150225968500877e+02
2.750000000000000000e+04 -1.975767694978871987e+02
2.760000000000000000e+04 -1.976382656038828145e+02
2.770000000000000000e+04 -1.976995157494958448e+02
2.780000000000000000e+04 -1.977605169587070861e+02
2.790000000000000000e+04 -1.978212591204737123e+02
2.800000000000000000e+04 -1.978817265683605626e+02
2.810000000000000000e+04 -1.979419001546627328e+02
2.820000000000000000e+04 -1.980017593888613874e+02
2.830000000000000000e+04 -1.980612843359668886e+02
2.840000000000000000e+04 -1.981204571669674692e+02
2.850000000000000000e+04 -1.981792634196022505e+02
2.860000000000000000e+04 -1.982376930933761514e+02
2.870000000000000000e+04 -1.982957416610823316e+02
2.880000000000000000e+04 -1.983534109765033691e+02
2.890000000000000000e+04 -1.984107099614635104e+02
2.900000000000000000e+04 -1.984676549205622678e+02
2.910000000000000000e+04 -1.985242693862067824e+02
2.920000000000000000e+04 -1.985805835382731175e+02
2.930000000000000000e+04 -1.986366334461647227e+02
2.940000000000000000e+04 -1.986924605995299373e+02
2.950000000000000000e+04 -1.987481123613633827e+02
2.960000000000000000e+04 -1.988036440188538450e+02
2.970000000000000000e+04 -1.988591229677212482e+02
2.980000000000000000e+04 -1.989146352423489077e+02
2.990000000000000000e+04 -1.989702941490283763e+02
3.000000000000000000e+04 -1.990262502177567399e+02
3.010000000000000000e+04 -1.990827009893846480e+02
3.020000000000000000e+04 -1.991398980607759768e+02
3.030000000000000000e+04 -1.991981470657388229e+02
3.040000000000000000e+04 -1.992577941210053609e+02
3.050000000000000000e+04 -1.993191913471849830e+02
3.060000000000000000e+04 -1.993826379173927990e+02
3.070000000000000000e+04 -1.994483050873619163e+02
3.080000000000000000e+04 -1.995161706290921302e+02
3.090000000000000000e+04 -1.995859952117042724e+02
3.100000000000000000e+04 -1.996573557111813670e+02
3.110000000000000000e+04 -1.997297183625455546e+02
3.120000000000000000e+04 -1.998025199326318102e+02
3.130000000000000000e+04 -1.998752381379623841e+02
3.140000000000000000e+04 -1.999474480717686333e+02
3.150000000000000000e+04 -2.000188604907266097e+02
3.160000000000000000e+04 -2.000893324036924810e+02
3.170000000000000000e+04 -2.001588459969200358e+02
3.180000000000000000e+04 -2.002274645355436178e+02
3.190000000000000000e+04 -2.002952819501111321e+02
3.200000000000000000e+04 -2.003623825112630925e+02
3.210000000000000000e+04 -2.004288206703387800e+02
3.220000000000000000e+04 -2.004946218973084058e+02
3.230000000000000000e+04 -2.005597968886297053e+02
3.240000000000000000e+04 -2.006243580189143643e+02
3.250000000000000000e+04 -2.006883295845385362e+02
3.260000000000000000e+04 -2.007517490253215442e+02
3.270000000000000000e+04 -2.008146607759847768e+02
3.280000000000000000e+04 -2.008771063066168949e+02
3.290000000000000000e+04 -2.009391143198973850e+02
3.300000000000000000e+04 -2.010006949947120347e+02
3.310000000000000000e+04 -2.010618412955452641e+02
3.320000000000000000e+04 -2.011225379773295572e+02
3.330000000000000000e+04 -2.011827755141488865e+02
3.340000000000000000e+04 -2.012425637497120761e+02
3.350000000000000000e+04 -2.013019402582511361e+02
3.360000000000000000e+04 -2.013609708246733589e+02
3.370000000000000000e+04 -2.014197422469586627e+02
3.380000000000000000e+04 -2.014783494520742977e+02
3.390000000000000000e+04 -2.015368796834702607e+02
3.400000000000000000e+04 -2.015953969169967763e+02
3.410000000000000000e+04 -2.016539299784396633e+02
3.420000000000000000e+04 -2.017124676357571502e+02
3.430000000000000000e+04 -2.017709625506387283e+02
3.440000000000000000e+04 -2.018293433719572079e+02
3.450000000000000000e+04 -2.018875315155088970e+02
3.460000000000000000e+04 -2.019454578285494790e+02
3.470000000000000000e+04 -2.020030750610160908e+02
3.480000000000000000e+04 -2.020603641252145337e+02
3.490000000000000000e+04 -2.021173341593767532e+02
3.500000000000000000e+04 -2.021740175706217428e+02
3.510000000000000000e+04 -2.022304615615358898e+02
3.520000000000000000e+04 -2.022867176504847748e+02
3.530000000000000000e+04 -2.023428307916603899e+02
3.540000000000000000e+04 -2.023988299282415824e+02
3.550000000000000000e+04 -2.024547218825192090e+02
3.560000000000000000e+04 -2.025104900393206435e+02
3.570000000000000000e+04 -2.025660982099650198e+02
3.580000000000000000e+04 -2.026214986960891906e+02
3.590000000000000000e+04 -2.026766424797404511e+02
3.600000000000000000e+04 -2.027314890816527395e+02
3.610000000000000000e+04 -2.027860139991780102e+02
3.620000000000000000e+04 -2.028402124846236916e+02
3.630000000000000000e+04 -2.028940993834620485e+02
3.640000000000000000e+04 -2.029477055289218015e+02
3.650000000000000000e+04 -2.030010716512344402e+02
3.660000000000000000e+04 -2.030542409323870743e+02
3.670000000000000000e+04 -2.031072513397764965e+02
3.680000000000000000e+04 -2.031601288124395808e+02
3.690000000000000000e+04 -2.032128822741360636e+02
3.700000000000000000e+04 -2.032655012546595685e+02
3.710000000000000000e+04 -2.033179565620783649e+02
3.720000000000000000e+04 -2.033702039853407371e+02
3.730000000000000000e+04 -2.034221905094379395e+02
3.740000000000000000e+04 -2.034738620918871561e+02
3.750000000000000000e+04 -2.035251717515210430e+02
3.760000000000000000e+04 -2.035760866286086639e+02
3.770000000000000000e+04 -2.036265928588881309e+02
3.780000000000000000e+04 -2.036766975604969616e+02
3.790000000000000000e+04 -2.037264278287526054e+02
3.800000000000000000e+04 -2.037758271623400219e+02
3.810000000000000000e+04 -2.038249500570893531e+02
3.820000000000000000e+04 -2.038738555877553438e+02
3.830000000000000000e+04 -2.039226007446701203e+02
3.840000000000000000e+04 -2.039712342044622346e+02
3.850000000000000000e+04 -2.040197911422228003e+02
3.860000000000000000e+04 -2.040682896235165913e+02
3.870000000000000000e+04 -2.041167290048955749e+02
3.880000000000000000e+04 -2.041650905867682582e+02
3.890000000000000000e+04 -2.042133404986771268e+02
3.900000000000000000e+04 -2.042614344810795615e+02
3.910000000000000000e+04 -2.043093239130809593e+02
3.920000000000000000e+04 -2.043569622006596660e+02
3.930000000000000000e+04 -2.044043105712793249e+02
3.940000000000000000e+04 -2.044513424677047624e+02
3.950000000000000000e+04 -2.044980460624443594e+02
3.960000000000000000e+04 -2.045444248101641449e+02
3.970000000000000000e+04 -2.045904962846144599e+02
3.980000000000000000e+04 -2.046362897268519134e+02
3.990000000000000000e+04 -2.046818427613848712e+02
4.000000000000000000e+04 -2.047271976727245146e+02
4.010000000000000000e+04 -2.047723975462484702e+02
4.020000000000000000e+04 -2.048174825127323118e+02
4.030000000000000000e+04 -2.048624863110237015e+02
4.040000000000000000e+04 -2.049074333866091706e+02
4.050000000000000000e+04 -2.049523367500636937e+02
4.060000000000000000e+04 -2.049971968038433374e+02
4.070000000000000000e+04 -2.050420012954468518e+02
4.080000000000000000e+04 -2.050867264739260349e+02
4.090000000000000000e+04 -2.051313394366665364e+02
4.100000000000000000e+04 -2.051758015874615353e+02
4.110000000000000000e+04 -2.052200731203935220e+02
4.120000000000000000e+04 -2.052641185243529094e+02
4.130000000000000000e+04 -2.053079132865611314e+02
4.140000000000000000e+04 -2.053514522792324897e+02
4.150000000000000000e+04 -2.053947608029622529e+02
4.160000000000000000e+04 -2.054379101114602690e+02
4.170000000000000000e+04 -2.054810408758249025e+02
4.180000000000000000e+04 -2.055244013499700202e+02
4.190000000000000000e+04 -2.055684136480606412e+02
4.200000000000000000e+04 -2.056137938463865282e+02
4.210000000000000000e+04 -2.056617680146733278e+02
4.220000000000000000e+04 -2.057144159321737220e+02
4.230000000000000000e+04 -2.057749948991752262e+02
4.240000000000000000e+04 -2.058474693725357270e+02
4.250000000000000000e+04 -2.059339668411203093e+02
4.260000000000000000e+04 -2.060315103153913583e+02
4.270000000000000000e+04 -2.061331424101505831e+02
4.280000000000000000e+04 -2.062327167394674916e+02
4.290000000000000000e+04 -2.063270799776643685e+02
4.300000000000000000e+04 -2.064152241464365147e+02
4.310000000000000000e+04 -2.064971275727716886e+02
4.320000000000000000e+04 -2.065731632147818004e+02
4.330000000000000000e+04 -2.066438601916239008e+02
4.340000000000000000e+04 -2.067097962567536342e+02
4.350000000000000000e+04 -2.067715385561522226e+02
4.360000000000000000e+04 -2.068296104686572505e+02
4.370000000000000000e+04 -2.068844765123451737e+02
4.380000000000000000e+04 -2.069365393206660997e+02
4.390000000000000000e+04 -2.069861435766147792e+02
4.400000000000000000e+04 -2.070335831291841941e+02
4.410000000000000000e+04 -2.070791089072437785e+02
4.420000000000000000e+04 -2.071229363470864087e+02
4.430000000000000000e+04 -2.071652517828367195e+02
4.440000000000000000e+04 -2.072062176740494408e+02
4.450000000000000000e+04 -2.072459767570284157e+02
4.460000000000000000e+04 -2.072846552890105158e+02
4.470000000000000000e+04 -2.073223655671500580e+02
4.480000000000000000e+04 -2.073592078851293081e+02
4.490000000000000000e+04 -2.073952720608710365e+02
4.500000000000000000e+04 -2.074306386401305247e+02
4.510000000000000000e+04 -2.074653798570612366e+02
4.520000000000000000e+04 -2.074995604149621045e+02
4.530000000000000000e+04 -2.075332381373943065e+02
4.540000000000000000e+04 -2.075664645301984592e+02
4.550000000000000000e+04 -2.075992852871843297e+02
4.560000000000000000e+04 -2.076317407652969109e+02
4.570000000000000000e+04 -2.076638664482368313e+02
4.580000000000000000e+04 -2.076956934106420363e+02
4.590000000000000000e+04 -2.077272487882153769e+02
4.600000000000000000e+04 -2.077585562530398420e+02
4.610000000000000000e+04 -2.077896364882985267e+02
4.620000000000000000e+04 -2.078205076531604050e+02
4.630000000000000000e+04 -2.078511858269743584e+02
4.640000000000000000e+04 -2.078816854221025210e+02
4.650000000000000000e+04 -2.079120195564275946e+02
4.660000000000000000e+04 -2.079422003792709006e+02
4.670000000000000000e+04 -2.079722393475678928e+02
4.680000000000000000e+04 -2.080021474521001892e+02
4.690000000000000000e+04 -2.080319353959677926e+02
4.700000000000000000e+04 -2.080616137290674885e+02
4.710000000000000000e+04 -2.080911929430880605e+02
4.720000000000000000e+04 -2.081206835315466037e+02
4.730000000000000000e+04 -2.081500960188780880e+02
4.740000000000000000e+04 -2.081794409617908741e+02
4.750000000000000000e+04 -2.082087289252546043e+02
4.760000000000000000e+04 -2.082379704347987968e+02
4.770000000000000000e+04 -2.082671759064305377e+02
4.780000000000000000e+04 -2.082963555555252242e+02
4.790000000000000000e+04 -2.083255192865523782e+02
4.800000000000000000e+04 -2.083546765664373766e+02
4.810000000000000000e+04 -2.083838362856409390e+02
4.820000000000000000e+04 -2.084130066124928078e+02
4.830000000000000000e+04 -2.084421948477160242e+02
4.840000000000000000e+04 -2.084714072871335588e+02
4.850000000000000000e+04 -2.085006491009695253e+02
4.860000000000000000e+04 -2.085299242376768234e+02
4.870000000000000000e+04 -2.085592353586989702e+02
4.880000000000000000e+04 -2.085885838080370149e+02
4.890000000000000000e+04 -2.086179696172046931e+02
4.900000000000000000e+04 -2.086473915425912651e+02
4.910000000000000000e+04 -2.086768471290380944e+02
4.920000000000000000e+04 -2.087063327912152886e+02
4.930000000000000000e+04 -2.087358439036561606e+02
4.940000000000000000e+04 -2.087653748912912874e+02
4.950000000000000000e+04 -2.087949193148797349e+02
4.960000000000000000e+04 -2.088244699493733378e+02
4.970000000000000000e+04 -2.088540188572433181e+02
4.980000000000000000e+04 -2.088835574623246316e+02
4.990000000000000000e+04 -2.089130766320643033e+02
5.000000000000000000e+04 -2.089425667766943491e+02
5.010000000000000000e+04 -2.089720179726090805e+02
5.020000000000000000e+04 -2.090014201142713262e+02
5.030000000000000000e+04 -2.090307630947659732e+02
5.040000000000000000e+04 -2.090600370103312571e+02
5.050000000000000000e+04 -2.090892323796006735e+02
5.060000000000000000e+04 -2.091183403645998737e+02
5.070000000000000000e+04 -2.091473529783420702e+02
5.080000000000000000e+04 -2.091762632634698207e+02
5.090000000000000000e+04 -2.092050654278483819e+02
5.100000000000000000e+04 -2.092337549260863057e+02
5.110000000000000000e+04 -2.092623284802093053e+02
5.120000000000000000e+04 -2.092907840375949604e+02
5.130000000000000000e+04 -2.093191206692277149e+02
5.140000000000000000e+04 -2.093473384158915849e+02
5.150000000000000000e+04 -2.093754380937243127e+02
5.160000000000000000e+04 -2.094034210734003807e+02
5.170000000000000000e+04 -2.094312890489740369e+02
5.180000000000000000e+04 -2.094590438130267671e+02
5.190000000000000000e+04 -2.094866870541820276e+02
5.200000000000000000e+04 -2.095142201912161397e+02
5.210000000000000000e+04 -2.095416442549035310e+02
5.220000000000000000e+04 -2.095689598244553622e+02
5.230000000000000000e+04 -2.095961670201939455e+02
5.240000000000000000e+04 -2.096232655483918847e+02
5.250000000000000000e+04 -2.096502547886415186e+02
5.260000000000000000e+04 -2.096771339094580640e+02
5.270000000000000000e+04 -2.097039019947947622e+02
5.280000000000000000e+04 -2.097305581633026463e+02
5.290000000000000000e+04 -2.097571016637369610e+02
5.300000000000000000e+04 -2.097835319337373221e+02
5.310000000000000000e+04 -2.098098486147774793e+02
5.320000000000000000e+04 -2.098360515225974154e+02
5.330000000000000000e+04 -2.098621405789664607e+02
5.340000000000000000e+04 -2.098881157162672935e+02
5.350000000000000000e+04 -2.099139767703529174e+02
5.360000000000000000e+04 -2.099397233788715482e+02
5.370000000000000000e+04 -2.099653549015584133e+02
5.380000000000000000e+04 -2.099908703759687114e+02
5.390000000000000000e+04 -2.100162685172520582e+02
5.400000000000000000e+04 -2.100415477645941280e+02
5.410000000000000000e+04 -2.100667063708087028e+02
5.420000000000000000e+04 -2.100917425261828839e+02
5.430000000000000000e+04 -2.101166545038311426e+02
5.440000000000000000e+04 -2.101414408119358086e+02
5.450000000000000000e+04 -2.101661003384139406e+02
5.460000000000000000e+04 -2.101906324754519062e+02
5.470000000000000000e+04 -2.102150372144493815e+02
5.480000000000000000e+04 -2.102393152055836651e+02
5.490000000000000000e+04 -2.102634677798656639e+02
5.500000000000000000e+04 -2.102874969347886633e+02
5.510000000000000000e+04 -2.103114052872409445e+02
5.520000000000000000e+04 -2.103351959991952356e+02
5.530000000000000000e+04 -2.103588726828484710e+02
5.540000000000000000e+04 -2.103824392924437632e+02
5.550000000000000000e+04 -2.104059000100479011e+02
5.560000000000000000e+04 -2.104292591321159307e+02
5.570000000000000000e+04 -2.104525209627836944e+02
5.580000000000000000e+04 -2.104756897185013429e+02
5.590000000000000000e+04 -2.104987694469326698e+02
5.600000000000000000e+04 -2.105217639611221330e+02
5.610000000000000000e+04 -2.105446767879994638e+02
5.620000000000000000e+04 -2.105675111286225274e+02
5.630000000000000000e+04 -2.105902698264513901e+02
5.640000000000000000e+04 -2.106129553396438325e+02
5.650000000000000000e+04 -2.106355697139898382e+02
5.660000000000000000e+04 -2.106581145546140874e+02
5.670000000000000000e+04 -2.106805909967384309e+02
5.680000000000000000e+04 -2.107029996782075045e+02
5.690000000000000000e+04 -2.107253407186404388e+02
5.700000000000000000e+04 -2.107476137114830976e+02
5.710000000000000000e+04 -2.107698177355051712e+02
5.720000000000000000e+04 -2.107919513912360401e+02
5.730000000000000000e+04 -2.108140128655415992e+02
5.740000000000000000e+04 -2.108360000243700654e+02
5.750000000000000000e+04 -2.108579105301794812e+02
5.760000000000000000e+04 -2.108797419773476918e+02
5.770000000000000000e+04 -2.109014920365252976e+02
5.780000000000000000e+04 -2.109231585978118915e+02
5.790000000000000000e+04 -2.109447399029264147e+02
5.800000000000000000e+04 -2.109662346580523149e+02
5.810000000000000000e+04 -2.109876421213893707e+02
5.820000000000000000e+04 -2.110089621621693823e+02
5.830000000000000000e+04 -2.110301952905226983e+02
5.840000000000000000e+04 -2.110513426597692330e+02
5.850000000000000000e+04 -2.110724060442381074e+02
5.860000000000000000e+04 -2.110933877965601937e+02
5.870000000000000000e+04 -2.111142907885984528e+02
5.880000000000000000e+04 -2.111351183399481783e+02
5.890000000000000000e+04 -2.111558741374295778e+02
5.900000000000000000e+04 -2.111765621483792472e+02
5.910000000000000000e+04 -2.111971865299603337e+02
5.920000000000000000e+04 -2.112177515362277802e+02
5.930000000000000000e+04 -2.112382614243533965e+02
5.940000000000000000e+04 -2.112587203612314397e+02
5.950000000000000000e+04 -2.112791323316344574e+02
5.960000000000000000e+04 -2.112995010491330561e+02
5.970000000000000000e+04 -2.113198298711043890e+02
5.980000000000000000e+04 -2.113401217192925969e+02
5.990000000000000000e+04 -2.113603790075306392e+02
6.000000000000000000e+04 -2.113806035783600237e+02
6.010000000000000000e+04 -2.114007966503825742e+02
6.020000000000000000e+04 -2.114209587782224844e+02
6.030000000000000000e+04 -2.114410898269603081e+02
6.040000000000000000e+04 -2.114611889627891799e+02
6.050000000000000000e+04 -2.114812546614235771e+02
6.060000000000000000e+04 -2.115012847354242922e+02
6.070000000000000000e+04 -2.115212763810752108e+02
6.080000000000000000e+04 -2.115412262447397325e+02
6.090000000000000000e+04 -2.115611305077499651e+02
6.100000000000000000e+04 -2.115809849878798161e+02
6.110000000000000000e+04 -2.116007852543868069e+02
6.120000000000000000e+04 -2.116205267525880345e+02
6.130000000000000000e+04 -2.116402049330645241e+02
6.140000000000000000e+04 -2.116598153799980366e+02
6.150000000000000000e+04 -2.116793539329152622e+02
6.160000000000000000e+04 -2.116988167963175158e+02
6.170000000000000000e+04 -2.117182006322970551e+02
6.180000000000000000e+04 -2.117375026322456506e+02
6.190000000000000000e+04 -2.117567205650369431e+02
6.200000000000000000e+04 -2.117758528004907816e+02
6.210000000000000000e+04 -2.117948983083685448e+02
6.220000000000000000e+04 -2.118138566344774176e+02
6.230000000000000000e+04 -2.118327278565906795e+02
6.240000000000000000e+04 -2.118515125237560142e+02
6.250000000000000000e+04 -2.118702115831472383e+02
6.260000000000000000e+04 -2.118888262989167401e+02
6.270000000000000000e+04 -2.119073581675560547e+02
6.280000000000000000e+04 -2.119258088341005362e+02
6.290000000000000000e+04 -2.119441800131619971e+02
6.300000000000000000e+04 -2.119624734182648353e+02
6.310000000000000000e+04 -2.119806907023376823e+02
6.320000000000000000e+04 -2.119988334114839859e+02
6.330000000000000000e+04 -2.120169029533643936e+02
6.340000000000000000e+04 -2.120349005806874629e+02
6.350000000000000000e+04 -2.120528273894666142e+02
6.360000000000000000e+04 -2.120706843309023384e+02
6.370000000000000000e+04 -2.120884722350310767e+02
6.380000000000000000e+04 -2.121061918436952851e+02
6.390000000000000000e+04 -2.121238438499719337e+02
6.400000000000000000e+04 -2.121414289409736966e+02
6.410000000000000000e+04 -2.121589478409262313e+02
6.420000000000000000e+04 -2.121764013516147998e+02
6.430000000000000000e+04 -2.121937903876647056e+02
6.440000000000000000e+04 -2.122111160046318048e+02
6.450000000000000000e+04 -2.122283794184868384e+02
6.460000000000000000e+04 -2.122455820157264270e+02
6.470000000000000000e+04 -2.122627253539853314e+02
6.480000000000000000e+04 -2.122798111536199599e+02
6.490000000000000000e+04 -2.122968412812403471e+02
6.500000000000000000e+04 -2.123138177265754791e+02
6.510000000000000000e+04 -2.123307425743421106e+02
6.520000000000000000e+04 -2.123476179729564706e+02
6.530000000000000000e+04 -2.123644461019776486e+02
6.540000000000000000e+04 -2.123812291401168295e+02
6.550000000000000000e+04 -2.123979692354931217e+02
6.560000000000000000e+04 -2.124146684795858278e+02
6.570000000000000000e+04 -2.124313288860319631e+02
6.580000000000000000e+04 -2.124479523750702015e+02
6.590000000000000000e+04 -2.124645407640509234e+02
6.600000000000000000e+04 -2.124810957640359561e+02
6.610000000000000000e+04 -2.124976189821240951e+02
6.620000000000000000e+04 -2.125141119287713991e+02
6.630000000000000000e+04 -2.125305760290574426e+02
6.640000000000000000e+04 -2.125470126365912336e+02
6.650000000000000000e+04 -2.125634230485686658e+02
6.660000000000000000e+04 -2.125798085204044980e+02
6.670000000000000000e+04 -2.125961702783652925e+02
6.680000000000000000e+04 -2.126125095287325735e+02
6.690000000000000000e+04 -2.126288274622229437e+02
6.700000000000000000e+04 -2.126451252526761948e+02
6.710000000000000000e+04 -2.126614040493809341e+02
6.720000000000000000e+04 -2.126776649628228881e+02
6.730000000000000000e+04 -2.126939090440958466e+02
6.740000000000000000e+04 -2.127101372586797652e+02
6.750000000000000000e+04 -2.127263504557446652e+02
6.760000000000000000e+04 -2.127425493345457994e+02
6.770000000000000000e+04 -2.127587344098111259e+02
6.780000000000000000e+04 -2.127749059782484551e+02
6.790000000000000000e+04 -2.127910640883993096e+02
6.800000000000000000e+04 -2.128072085160092115e+02
6.810000000000000000e+04 -2.128233387468731053e+02
6.820000000000000000e+04 -2.128394539687446922e+02
6.830000000000000000e+04 -2.128555530734011256e+02
6.840000000000000000e+04 -2.128716346693586274e+02
6.850000000000000000e+04 -2.128876971051008127e+02
6.860000000000000000e+04 -2.129037385020582747e+02
6.870000000000000000e+04 -2.129197567960294180e+02
6.880000000000000000e+04 -2.129357497853056884e+02
6.890000000000000000e+04 -2.129517151834907338e+02
6.900000000000000000e+04 -2.129676506749007672e+02
6.910000000000000000e+04 -2.129835539704900498e+02
6.920000000000000000e+04 -2.129994228624379105e+02
6.930000000000000000e+04 -2.130152552758237618e+02
6.940000000000000000e+04 -2.130310493161588852e+02
6.950000000000000000e+04 -2.130468033118950473e+02
6.960000000000000000e+04 -2.130625158513599615e+02
6.970000000000000000e+04 -2.130781858138461189e+02
6.980000000000000000e+04 -2.130938123948007501e+02
6.990000000000000000e+04 -2.131093951252177305e+02
7.000000000000000000e+04 -2.131249338854321422e+02
7.010000000000000000e+04 -2.131404289135722081e+02
7.020000000000000000e+04 -2.131558808089389458e+02
7.030000000000000000e+04 -2.131712905305830361e+02
7.040000000000000000e+04 -2.131866593913268844e+02
7.050000000000000000e+04 -2.132019890474539920e+02
7.060000000000000000e+04 -2.132172814842556647e+02
7.070000000000000000e+04 -2.132325389975899270e+02
7.080000000000000000e+04 -2.132477641715724417e+02
7.090000000000000000e+04 -2.132629598524825383e+02
7.100000000000000000e+04 -2.132781291189376134e+02
7.110000000000000000e+04 -2.132932752483604304e+02
7.120000000000000000e+04 -2.133084016797574805e+02
7.130000000000000000e+04 -2.133235119728308291e+02
7.140000000000000000e+04 -2.133386097634877387e+02
7.150000000000000000e+04 -2.133536987158847751e+02
7.160000000000000000e+04 -2.133687824712647512e+02
7.170000000000000000e+04 -2.133838645940111860e+02
7.180000000000000000e+04 -2.133989485155668149e+02
7.190000000000000000e+04 -2.134140374771253903e+02
7.200000000000000000e+04 -2.134291344723051509e+02
7.210000000000000000e+04 -2.134442421913219619e+02
7.220000000000000000e+04 -2.134593629684756877e+02
7.230000000000000000e+04 -2.134744987350010774e+02
7.240000000000000000e+04 -2.134896509794814961e+02
7.250000000000000000e+04 -2.135048207180261386e+02
7.260000000000000000e+04 -2.135200084762477672e+02
7.270000000000000000e+04 -2.135352142847126231e+02
7.280000000000000000e+04 -2.135504376889759897e+02
7.290000000000000000e+04 -2.135656777745870727e+02
7.300000000000000000e+04 -2.135809332065963133e+02
7.310000000000000000e+04 -2.135962022822059794e+02
7.320000000000000000e+04 -2.136114829943549296e+02
7.330000000000000000e+04 -2.136267731033230461e+02
7.340000000000000000e+04 -2.136420702129479139e+02
7.350000000000000000e+04 -2.136573718478320529e+02
7.360000000000000000e+04 -2.136726755279972849e+02
7.370000000000000000e+04 -2.136879788377992213e+02
7.380000000000000000e+04 -2.137032794865021117e+02
7.390000000000000000e+04 -2.137185753586537089e+02
7.400000000000000000e+04 -2.137338645532121291e+02
7.410000000000000000e+04 -2.137491454111755615e+02
7.420000000000000000e+04 -2.137644165321796379e+02
7.430000000000000000e+04 -2.137796767811068435e+02
7.440000000000000000e+04 -2.137949252861681089e+02
7.450000000000000000e+04 -2.138101614301568532e+02
7.460000000000000000e+04 -2.138253848366557008e+02
7.470000000000000000e+04 -2.138405953529074282e+02
7.480000000000000000e+04 -2.138557930308816140e+02
7.490000000000000000e+04 -2.138709781077977823e+02
7.500000000000000000e+04 -2.138861509870423845e+02
7.510000000000000000e+04 -2.139013122200594239e+02
7.520000000000000000e+04 -2.139164624894366398e+02
7.530000000000000000e+04 -2.139316025930637863e+02
7.540000000000000000e+04 -2.139467334289316796e+02
7.550000000000000000e+04 -2.139618559798864794e+02
7.560000000000000000e+04 -2.139769712974660933e+02
7.570000000000000000e+04 -2.139920804838432673e+02
7.580000000000000000e+04 -2.140071846708901262e+02
7.590000000000000000e+04 -2.140222849954749051e+02
7.600000000000000000e+04 -2.140373825703072725e+02
7.610000000000000000e+04 -2.140524784499644113e+02
7.620000000000000000e+04 -2.140675735921503815e+02
7.630000000000000000e+04 -2.140826688147535890e+02
7.640000000000000000e+04 -2.140977647498374949e+02
7.650000000000000000e+04 -2.141128617963007912e+02
7.660000000000000000e+04 -2.141279600735128383e+02
7.670000000000000000e+04 -2.141430593787119392e+02
7.680000000000000000e+04 -2.141581591512770046e+02
7.690000000000000000e+04 -2.141732584470792915e+02
7.700000000000000000e+04 -2.141883559259325978e+02
7.710000000000000000e+04 -2.142034498546605050e+02
7.720000000000000000e+04 -2.142185381274865961e+02
7.730000000000000000e+04 -2.142336183043799167e+02
7.740000000000000000e+04 -2.142486876667414322e+02
7.750000000000000000e+04 -2.142637432885288717e+02
7.760000000000000000e+04 -2.142787821197291578e+02
7.770000000000000000e+04 -2.142938010781456910e+02
7.780000000000000000e+04 -2.143087971448825328e+02
7.790000000000000000e+04 -2.143237674587483070e+02
7.800000000000000000e+04 -2.143387094050674477e+02
7.810000000000000000e+04 -2.143536206950331291e+02
7.820000000000000000e+04 -2.143684994326491733e+02
7.830000000000000000e+04 -2.143833441673750713e+02
7.840000000000000000e+04 -2.143981539316653482e+02
7.850000000000000000e+04 -2.144129282635728941e+02
7.860000000000000000e+04 -2.144276672153791878e+02
7.870000000000000000e+04 -2.144423713497756125e+02
7.880000000000000000e+04 -2.144570417254368522e+02
7.890000000000000000e+04 -2.144716798739203227e+02
7.900000000000000000e+04 -2.144862877697308363e+02
7.910000000000000000e+04 -2.145008677951570348e+02
7.920000000000000000e+04 -2.145154227011651926e+02
7.930000000000000000e+04 -2.145299555652728714e+02
7.940000000000000000e+04 -2.145444697469584696e+02
7.950000000000000000e+04 -2.145589688408234679e+02
7.960000000000000000e+04 -2.145734566274343251e+02
7.970000000000000000e+04 -2.145879370215495783e+02
7.980000000000000000e+04 -2.146024140172945636e+02
7.990000000000000000e+04 -2.146168916297991984e+02
8.000000000000000000e+04 -2.146313738328650800e+02
8.010000000000000000e+04 -2.146458644923957308e+02
8.020000000000000000e+04 -2.146603672956092623e+02
8.030000000000000000e+04 -2.146748856764594393e+02
8.040000000000000000e+04 -2.146894227382170186e+02
8.050000000000000000e+04 -2.147039811747853548e+02
8.060000000000000000e+04 -2.147185631930083787e+02
8.070000000000000000e+04 -2.147331704389192737e+02
8.080000000000000000e+04 -2.147478039314962643e+02
8.090000000000000000e+04 -2.147624640079434641e+02
8.100000000000000000e+04 -2.147771502846967451e+02
8.110000000000000000e+04 -2.147918616381775223e+02
8.120000000000000000e+04 -2.148065962087051730e+02
8.130000000000000000e+04 -2.148213514299245048e+02
8.140000000000000000e+04 -2.148361240846403746e+02
8.150000000000000000e+04 -2.148509103862050154e+02
8.160000000000000000e+04 -2.148657060827434861e+02
8.170000000000000000e+04 -2.148805065797511133e+02
8.180000000000000000e+04 -2.148953070751785503e+02
8.190000000000000000e+04 -2.149101027002145941e+02
8.200000000000000000e+04 -2.149248886587040488e+02
8.210000000000000000e+04 -2.149396603585158516e+02
8.220000000000000000e+04 -2.149544135291297948e+02
8.230000000000000000e+04 -2.149691443210915907e+02
8.240000000000000000e+04 -2.149838493845925882e+02
8.250000000000000000e+04 -2.149985259260647581e+02
8.260000000000000000e+04 -2.150131717431583809e+02
8.270000000000000000e+04 -2.150277852396679918e+02
8.280000000000000000e+04 -2.150423654228135035e+02
8.290000000000000000e+04 -2.150569118857621334e+02
8.300000000000000000e+04 -2.150714247784169970e+02
8.310000000000000000e+04 -2.150859047693644754e+02
8.320000000000000000e+04 -2.151003530015380250e+02
8.330000000000000000e+04 -2.151147710436883358e+02
8.340000000000000000e+04 -2.151291608392273247e+02
8.350000000000000000e+04 -2.151435246534753105e+02
8.360000000000000000e+04 -2.151578650198448486e+02
8.370000000000000000e+04 -2.151721846850611826e+02
8.380000000000000000e+04 -2.151864865531796056e+02
8.390000000000000000e+04 -2.152007736279352343e+02
8.400000000000000000e+04 -2.152150489528658568e+02
8.410000000000000000e+04 -2.152293155487038234e+02
8.420000000000000000e+04 -2.152435763477524517e+02
8.430000000000000000e+04 -2.152578341253498593e+02
8.440000000000000000e+04 -2.152720914290815415e+02
8.450000000000000000e+04 -2.152863505071001100e+02
8.460000000000000000e+04 -2.153006132377095128e+02
8.470000000000000000e+04 -2.153148810631876131e+02
8.480000000000000000e+04 -2.153291549315566726e+02
8.490000000000000000e+04 -2.153434352505340144e+02
8.500000000000000000e+04 -2.153577218580784063e+02
8.510000000000000000e+04 -2.153720140136658472e+02
8.520000000000000000e+04 -2.153863104136155755e+02
8.530000000000000000e+04 -2.154006092324358974e+02
8.540000000000000000e+04 -2.154149081903573517e+02
8.550000000000000000e+04 -2.154292046451504348e+02
8.560000000000000000e+04 -2.154434957042289511e+02
8.570000000000000000e+04 -2.154577783512116014e+02
8.580000000000000000e+04 -2.154720495798059119e+02
8.590000000000000000e+04 -2.154863065272885194e+02
8.600000000000000000e+04 -2.155005466000549461e+02
8.610000000000000000e+04 -2.155147675846563402e+02
8.620000000000000000e+04 -2.155289677392628107e+02
8.630000000000000000e+04 -2.155431458623642413e+02
8.640000000000000000e+04 -2.155573013374670666e+02
8.650000000000000000e+04 -2.155714341543408636e+02
8.660000000000000000e+04 -2.155855449088237492e+02
8.670000000000000000e+04 -2.155996347842132081e+02
8.680000000000000000e+04 -2.156137055178162711e+02
8.690000000000000000e+04 -2.156277593563571031e+02
8.700000000000000000e+04 -2.156417990037036816e+02
8.710000000000000000e+04 -2.156558275638922453e+02
8.720000000000000000e+04 -2.156698484817840153e+02
8.730000000000000000e+04 -2.156838654829799964e+02
8.740000000000000000e+04 -2.156978825139141804e+02
8.750000000000000000e+04 -2.157119036824005036e+02
8.760000000000000000e+04 -2.157259331983617585e+02
8.770000000000000000e+04 -2.157399753140527423e+02
8.780000000000000000e+04 -2.157540342628251153e+02
8.790000000000000000e+04 -2.157681141953918029e+02
8.800000000000000000e+04 -2.157822191126494431e+02
8.810000000000000000e+04 -2.157963527944217503e+02
8.820000000000000000e+04 -2.158105187240051634e+02
8.830000000000000000e+04 -2.158247200091113314e+02
8.840000000000000000e+04 -2.158389593006871792e+02
8.850000000000000000e+04 -2.158532387120817475e+02
8.860000000000000000e+04 -2.158675597420273675e+02
8.870000000000000000e+04 -2.158819232057792021e+02
8.880000000000000000e+04 -2.158963291793606345e+02
8.890000000000000000e+04 -2.159107769620355270e+02
8.900000000000000000e+04 -2.159252650617463587e+02
8.910000000000000000e+04 -2.159397912072469126e+02
8.920000000000000000e+04 -2.159543523890461927e+02
8.930000000000000000e+04 -2.159689449291910250e+02
8.940000000000000000e+04 -2.159835645775879414e+02
8.950000000000000000e+04 -2.159982066302964370e+02
8.960000000000000000e+04 -2.160128660633492927e+02
8.970000000000000000e+04 -2.160275376744403957e+02
8.980000000000000000e+04 -2.160422162244469177e+02
8.990000000000000000e+04 -2.160568965712499221e+02
9.000000000000000000e+04 -2.160715737895748703e+02
9.010000000000000000e+04 -2.160862432723628217e+02
9.020000000000000000e+04 -2.161009008112127674e+02
9.030000000000000000e+04 -2.161155426554115593e+02
9.040000000000000000e+04 -2.161301655507488135e+02
9.050000000000000000e+04 -2.161447667605359868e+02
9.060000000000000000e+04 -2.161593440719520345e+02
9.070000000000000000e+04 -2.161738957910388876e+02
9.080000000000000000e+04 -2.161884207294501152e+02
9.090000000000000000e+04 -2.162029181855363618e+02
9.100000000000000000e+04 -2.162173879216480827e+02
9.110000000000000000e+04 -2.162318301387725796e+02
9.120000000000000000e+04 -2.162462454488866683e+02
9.130000000000000000e+04 -2.162606348447634161e+02
9.140000000000000000e+04 -2.162749996664756509e+02
9.150000000000000000e+04 -2.162893415635032284e+02
9.160000000000000000e+04 -2.163036624512015464e+02
9.170000000000000000e+04 -2.163179644604230134e+02
9.180000000000000000e+04 -2.163322498793138209e+02
9.190000000000000000e+04 -2.163465210867286430e+02
9.200000000000000000e+04 -2.163607804773220096e+02
9.210000000000000000e+04 -2.163750303791670717e+02
9.220000000000000000e+04 -2.163892729656963638e+02
9.230000000000000000e+04 -2.164035101648003661e+02
9.240000000000000000e+04 -2.164177435689682341e+02
9.250000000000000000e+04 -2.164319743513019034e+02
9.260000000000000000e+04 -2.164462031929220416e+02
9.270000000000000000e+04 -2.164604302275638190e+02
9.280000000000000000e+04 -2.164746550088848664e+02
9.290000000000000000e+04 -2.164888765050797872e+02
9.300000000000000000e+04 -2.165030931238063090e+02
9.310000000000000000e+04 -2.165173027682691327e+02
9.320000000000000000e+04 -2.165315029227887749e+02
9.330000000000000000e+04 -2.165456907636039716e+02
9.340000000000000000e+04 -2.165598632883666141e+02
9.350000000000000000e+04 -2.165740174561141771e+02
9.360000000000000000e+04 -2.165881503286885845e+02
9.370000000000000000e+04 -2.166022592047146986e+02
9.380000000000000000e+04 -2.166163417383064598e+02
9.390000000000000000e+04 -2.166303960364328418e+02
9.400000000000000000e+04 -2.166444207310671004e+02
9.410000000000000000e+04 -2.166584150245361116e+02
9.420000000000000000e+04 -2.166723787085904007e+02
9.430000000000000000e+04 -2.166863121594179233e+02
9.440000000000000000e+04 -2.167002163120008049e+02
9.450000000000000000e+04 -2.167140926178463474e+02
9.460000000000000000e+04 -2.167279429902587538e+02
9.470000000000000000e+04 -2.167417697410652124e+02
9.480000000000000000e+04 -2.167555755121826451e+02
9.490000000000000000e+04 -2.167693632047397330e+02
9.500000000000000000e+04 -2.167831359077493403e+02
9.510000000000000000e+04 -2.167968968276380508e+02
9.520000000000000000e+04 -2.168106492193397230e+02
9.530000000000000000e+04 -2.168243963191716830e+02
9.540000000000000000e+04 -2.168381412793614231e+02
9.550000000000000000e+04 -2.168518871038724285e+02
9.560000000000000000e+04 -2.168656365851056762e+02
9.570000000000000000e+04 -2.168793922411182109e+02
9.580000000000000000e+04 -2.168931562532150679e+02
9.590000000000000000e+04 -2.169069304041281896e+02
9.600000000000000000e+04 -2.169207160175006948e+02
9.610000000000000000e+04 -2.169345139000153040e+02
9.620000000000000000e+04 -2.169483242882155878e+02
9.630000000000000000e+04 -2.169621468027843036e+02
9.640000000000000000e+04 -2.169759804136774619e+02
9.650000000000000000e+04 -2.169898234199355898e+02
9.660000000000000000e+04 -2.170036734480740108e+02
9.670000000000000000e+04 -2.170175274725785073e+02
9.680000000000000000e+04 -2.170313818611278975e+02
9.690000000000000000e+04 -2.170452324457411351e+02
9.700000000000000000e+04 -2.170590746191991229e+02
9.710000000000000000e+04 -2.170729034540217413e+02
9.720000000000000000e+04 -2.170867138392499101e+02
9.730000000000000000e+04 -2.171005006285860759e+02
9.740000000000000000e+04 -2.171142587923426390e+02
9.750000000000000000e+04 -2.171279835653089094e+02
9.760000000000000000e+04 -2.171416705831211686e+02
9.770000000000000000e+04 -2.171553160009208057e+02
9.780000000000000000e+04 -2.171689165898139890e+02
9.790000000000000000e+04 -2.171824698086417129e+02
9.800000000000000000e+04 -2.171959738505513542e+02
9.810000000000000000e+04 -2.172094276655960812e+02
9.820000000000000000e+04 -2.172228309619115407e+02
9.830000000000000000e+04 -2.172361841888507570e+02
9.840000000000000000e+04 -2.172494885058015655e+02
9.850000000000000000e+04 -2.172627457403303026e+02
9.860000000000000000e+04 -2.172759583388898363e+02
9.870000000000000000e+04 -2.172891293127151187e+02
9.880000000000000000e+04 -2.173022621808109420e+02
9.890000000000000000e+04 -2.173153609112076481e+02
9.900000000000000000e+04 -2.173284298609876259e+02
9.910000000000000000e+04 -2.173414737150123131e+02
9.920000000000000000e+04 -2.173544974228449576e+02
9.930000000000000000e+04 -2.173675061330665130e+02
9.940000000000000000e+04 -2.173805051240425428e+02
9.950000000000000000e+04 -2.173934997302127954e+02
9.960000000000000000e+04 -2.174064952631406982e+02
9.970000000000000000e+04 -2.174194969268811235e+02
9.980000000000000000e+04 -2.174325097276932865e+02
9.990000000000000000e+04 -2.174455383787303617e+02
1.000000000000000000e+05 -2.174585872010632386e+02
